9 9 9 9 7 7 7 7 7 7 7 7 7 7 7 7 7 7 7 7 7 7 7 7 7 7 7 7 7 7 7 7 7 7 7 7 7 7 7 7 7 7 7 7 7 7 7 7 7 7 7 7 7 7 7 7 7 7 7
17 17 17 17 17 17 17 17 17 17 17 17 17 17 17 17 17 17 17 17 17 17 17 17 17 17 17 17 17 17 17 17 15 15 15 15 15 15 15 15 15 15 15 15 15 15 15 17 17 17 17 17 17 17 17 17 17 17 17
24 24 24 24 24 24 24 24 24 24 24 24 24 24 24 24 24 24 24 24 24 24 24 24 25 24 24 24 24 24 24 24 24 24 24 24 24 24 24 24 24 24 24 24 24 24 24 24 24 24 24 24 24 24 24 24 24 24 24
34 34 34 34 34 32 32 32 32 32 32 32 32 32 32 32 32 32 32 32 32 32 32 32 32 32 32 32 32 32 32 32 32 32 32 32 32 32 32 32 32 32 32 32 32 32 32 32 32 32 32 32 32 32 32 32 32 32 32
42 41 41 41 41 41 41 41 41 42 42 41 42 41 41 41 42 41 42 42 41 41 41 41 41 41 42 42 42 41 41 41 41 41 40 40 40 40 40 39 40 39 39 39 39 39 41 41 41 42 41 41 41 41 41 41 42 41 42
49 49 49 49 49 49 49 49 49 49 49 49 49 49 49 49 49 49 49 49 49 49 49 49 49 49 49 49 49 49 49 49 49 49 49 49 49 49 49 49 49 49 49 49 49 49 49 49 49 49 49 49 49 49 49 49 49 49 49
59 59 58 59 59 58 58 59 58 59 59 58 59 58 59 58 59 59 58 59 59 59 59 59 59 59 59 59 59 59 57 57 57 57 57 56 57 57 57 56 56 57 57 56 57 57 57 56 57 57 58 58 59 58 59 59 59 58 59
67 67 66 66 66 66 66 66 66 66 66 67 66 66 66 66 66 66 66 66 66 66 66 66 67 67 66 66 67 66 65 64 64 65 66 66 66 66 64 64 64 64 64 66 66 66 66 66 66 66 66 66 66 66 66 66 66 66 66
74 74 74 74 74 74 74 74 74 74 74 74 74 74 74 74 74 74 74 74 74 74 74 74 74 74 74 74 72 69 67 67 66 68 69 72 74 74 74 74 74 74 74 74 74 73 74 74 73 74 74 74 74 74 74 74 74 74 74
83 84 83 83 83 83 83 84 83 83 83 83 84 83 83 83 83 84 83 84 84 84 84 83 83 84 83 79 75 73 72 72 72 73 74 76 78 81 82 81 81 81 81 81 83 83 83 83 83 83 83 83 84 83 83 83 84 84 83
91 91 91 91 91 91 91 91 91 91 91 91 91 91 91 91 91 91 91 92 91 92 91 91 91 91 87 82 79 78 78 77 77 77 79 79 83 88 91 91 91 91 91 90 90 91 90 91 91 91 91 91 91 91 91 91 91 91 91
99 99 98 99 98 98 99 99 98 99 98 99 99 99 99 99 99 99 99 99 99 99 99 99 99 98 91 86 85 84 84 83 83 84 84 85 87 92 97 99 98 98 98 98 98 100 100 100 100 100 100 100 100 100 100 98 98 99 99
108 108 108 108 108 108 108 108 108 108 108 108 108 108 108 108 108 108 108 108 108 108 109 108 109 104 97 94 92 91 90 90 90 91 91 92 94 97 104 108 108 108 107 108 108 108 108 108 108 108 108 108 108 108 108 108 108 108 108
116 116 116 115 115 116 116 116 116 116 116 116 116 115 116 116 116 116 116 116 116 116 116 115 116 111 103 100 97 96 97 97 97 96 96 97 99 103 111 119 117 117 118 117 115 115 115 115 115 115 116 116 115 115 116 115 116 116 116
123 123 123 123 123 124 123 123 123 123 123 124 123 125 125 125 125 125 125 125 125 125 125 125 126 119 110 107 106 105 104 104 105 104 105 105 106 111 120 126 125 125 125 124 125 125 125 125 125 125 125 125 126 125 125 125 125 125 126
133 133 133 133 133 132 133 133 133 132 133 133 133 133 133 133 133 133 133 132 133 133 133 132 133 128 119 114 111 111 111 111 111 111 111 111 113 118 128 135 135 134 134 133 132 132 133 133 133 133 132 133 132 133 133 133 133 133 133
141 140 141 141 141 141 140 140 140 140 140 140 140 141 140 140 140 140 140 140 140 141 140 140 141 136 125 121 118 117 118 117 119 120 119 120 122 125 138 143 143 142 142 142 142 142 142 142 142 142 142 140 140 141 141 140 141 140 141
149 148 148 148 148 149 148 148 150 150 150 150 150 150 151 150 149 150 149 150 150 149 150 150 149 143 133 128 125 125 126 126 125 126 125 126 127 134 144 150 150 150 150 149 149 149 149 150 149 150 150 150 150 149 150 150 150 150 150
157 158 158 157 157 158 157 158 158 157 157 158 158 157 158 157 158 157 158 157 157 157 158 157 152 142 137 134 131 131 132 132 132 133 133 132 136 141 151 158 160 159 159 159 159 159 159 158 157 158 158 157 158 157 157 157 157 157 158
165 166 165 166 166 165 165 165 164 165 165 165 166 166 166 165 165 165 167 167 167 167 167 167 164 152 146 142 139 140 140 141 140 141 141 140 141 147 159 166 167 166 166 167 167 167 166 167 166 167 167 166 167 167 167 166 167 167 165
172 174 173 173 173 175 175 174 175 174 176 175 175 175 175 175 174 175 175 175 175 175 174 174 173 161 154 148 146 146 147 146 146 147 146 147 148 157 170 175 174 175 174 174 174 175 174 175 175 174 175 174 175 175 174 174 174 175 175
183 182 182 183 183 183 182 183 182 182 182 183 183 182 183 182 183 182 182 182 182 183 182 182 182 173 163 155 152 152 154 152 152 154 154 155 157 167 183 185 184 184 183 184 184 184 184 184 183 183 181 182 182 183 182 183 183 182 184
190 190 190 190 189 190 190 190 190 190 190 191 190 189 192 191 192 191 191 191 191 192 192 190 192 189 179 165 161 161 161 160 160 162 161 162 165 178 191 192 191 191 192 192 191 192 192 192 191 192 192 192 191 192 192 191 192 192 192
198 197 198 199 199 200 199 200 199 199 199 200 200 200 200 200 199 199 200 199 199 200 199 199 199 199 194 176 170 168 169 167 168 169 170 171 176 192 200 199 199 199 199 199 198 199 199 199 199 199 199 199 199 199 199 199 200 199 200
207 207 208 207 207 207 206 207 207 207 207 207 208 207 207 208 206 207 207 206 206 207 207 206 206 205 200 186 179 178 177 175 177 177 180 182 188 196 205 208 208 208 208 208 208 209 209 208 207 206 207 206 207 207 207 206 207 206 207
215 215 215 215 214 215 215 215 215 215 215 215 217 216 217 216 217 216 216 217 215 217 216 216 208 198 195 191 190 187 187 184 185 188 190 191 193 193 197 205 212 217 216 216 216 216 216 216 216 216 217 216 216 217 216 217 216 216 216
224 222 222 225 224 224 223 223 225 225 225 225 225 224 225 224 224 224 224 224 224 225 222 212 200 195 195 196 194 194 195 195 194 195 197 196 195 195 196 198 203 214 222 224 224 224 223 224 225 224 224 224 224 224 224 225 224 225 224
231 232 232 233 232 232 232 232 232 232 232 231 231 232 232 231 232 232 232 232 232 230 217 207 204 201 203 202 202 203 204 204 203 203 204 203 204 204 203 203 204 208 217 229 234 233 233 233 234 233 233 234 233 232 232 233 232 232 233
240 239 240 241 239 241 239 240 240 239 239 242 242 242 241 241 243 241 241 241 238 223 214 210 209 209 211 208 208 209 209 209 208 209 209 209 209 211 209 211 210 211 212 218 233 241 241 241 241 241 241 241 241 242 242 241 241 241 241
248 247 247 249 248 249 249 249 249 249 249 249 249 248 249 249 250 248 250 248 232 221 217 217 216 216 215 213 213 214 216 215 214 215 215 214 217 218 218 220 217 217 217 218 224 239 249 249 249 248 248 248 249 249 251 249 249 250 250
257 257 256 256 256 256 256 257 257 256 256 256 257 257 256 256 256 257 256 244 230 226 225 226 226 228 225 221 221 222 223 224 223 221 221 222 222 226 232 240 235 228 227 226 227 234 251 258 258 258 259 259 259 259 259 258 256 256 256
265 265 265 264 264 265 264 265 264 264 267 266 266 266 265 265 265 267 259 240 233 231 233 236 248 241 231 226 226 227 227 229 228 228 227 227 227 232 240 260 262 250 238 236 232 234 247 265 266 267 265 266 265 266 266 267 266 266 266
272 273 272 273 274 274 273 274 274 273 274 274 274 274 274 273 273 271 255 239 238 239 243 260 270 257 237 233 233 233 235 235 234 234 234 233 233 238 248 269 273 272 266 249 240 238 246 270 275 274 275 274 273 273 273 274 274 273 274
282 282 282 282 282 281 282 282 282 283 282 280 281 282 281 282 283 276 252 247 248 251 266 281 282 266 245 242 242 242 241 243 242 241 243 243 241 245 251 273 284 284 280 259 248 247 253 277 284 284 284 283 284 283 283 283 283 282 281
289 289 289 289 289 289 289 289 289 289 289 293 292 292 290 290 290 278 256 254 256 271 287 290 290 274 254 248 248 249 248 248 247 247 249 248 249 252 258 277 291 291 289 268 254 253 259 283 292 291 292 291 290 292 290 290 292 291 291
298 297 297 296 296 297 299 299 299 300 299 299 299 299 299 299 299 281 261 260 265 286 300 298 299 281 260 254 254 253 254 253 253 253 252 253 254 256 262 279 297 297 296 275 260 259 267 293 299 299 298 300 297 298 298 298 299 299 298
303 305 307 306 306 308 307 307 308 307 306 307 309 307 307 307 306 285 267 267 271 295 309 308 307 287 268 264 263 260 261 260 262 261 262 261 261 264 268 286 305 307 303 278 267 268 280 305 310 309 309 308 308 308 309 309 307 306 306
314 315 317 315 315 314 315 313 315 314 314 315 314 316 317 316 315 295 274 275 279 303 316 315 314 295 277 272 267 267 269 268 267 268 267 269 268 272 277 290 312 315 307 278 273 272 291 314 317 317 316 316 315 314 316 315 317 316 316
322 321 321 322 323 323 323 322 325 323 324 324 324 323 325 324 322 308 282 281 285 309 322 323 320 301 280 277 274 273 275 274 274 274 274 274 275 276 283 295 318 317 295 279 279 282 309 323 325 324 323 322 324 323 323 323 323 323 325
331 330 329 331 332 333 333 330 331 332 332 332 332 333 332 332 330 322 292 288 290 310 331 334 332 313 289 285 283 280 280 282 282 283 281 282 283 287 290 299 304 294 289 285 286 297 328 332 333 334 335 334 335 335 333 332 332 332 331
341 339 342 339 341 339 341 338 340 339 338 340 340 338 340 340 342 335 305 295 298 313 340 341 338 325 300 291 290 288 289 289 288 289 289 288 290 291 295 303 297 294 291 290 295 317 340 343 342 343 342 343 342 342 342 343 341 344 342
347 347 349 349 347 348 349 346 348 348 349 348 350 349 349 350 349 347 325 307 303 310 340 348 348 336 310 301 296 295 295 295 294 294 296 295 296 299 304 312 303 298 297 297 303 334 348 347 349 349 351 350 349 350 349 349 350 350 349
355 355 355 355 357 355 355 357 357 358 358 357 359 357 355 357 357 355 334 308 307 307 322 349 355 347 321 308 305 302 303 302 299 303 306 305 306 309 316 336 332 315 309 308 321 350 357 358 358 356 356 356 357 357 357 356 358 357 358
362 362 364 362 364 366 366 366 365 364 363 364 363 364 363 365 364 361 331 315 310 312 318 335 364 363 338 320 313 310 311 310 309 310 310 312 312 317 332 357 359 355 336 327 346 364 366 367 365 365 366 367 367 367 366 368 368 367 364
371 373 373 372 373 374 372 370 373 371 372 372 372 372 374 374 373 367 334 318 316 328 335 344 367 369 351 330 320 319 316 316 316 318 318 317 319 326 341 363 371 371 368 367 372 373 374 377 373 373 374 374 375 375 373 374 375 376 375
380 379 381 380 379 381 382 380 381 382 381 382 380 382 382 382 383 378 355 331 329 339 372 378 378 376 353 332 329 325 322 326 324 324 324 326 326 331 337 352 371 379 381 379 380 383 382 380 381 381 381 382 382 382 383 383 384 383 381
388 387 388 388 388 387 386 389 388 390 390 389 391 388 389 389 389 388 384 376 368 376 385 388 386 379 351 338 335 334 333 333 333 334 332 336 334 334 338 342 351 366 382 390 392 390 391 389 390 391 392 389 390 390 391 388 391 389 390
397 396 397 395 395 398 396 397 395 396 396 397 398 395 397 396 396 396 396 397 395 397 397 398 391 362 346 339 337 340 339 340 341 341 340 340 341 336 339 338 344 351 367 388 398 397 397 399 398 399 400 400 400 399 400 398 401 401 397
404 403 404 404 403 404 404 404 405 405 404 402 405 405 405 404 405 404 405 406 406 405 405 399 372 350 343 343 342 343 346 346 346 347 345 348 346 343 341 340 342 346 350 370 397 407 403 406 404 407 406 407 406 406 407 407 408 408 406
414 412 412 412 413 412 412 412 412 413 411 412 413 414 414 412 413 415 414 413 415 411 409 383 355 350 346 344 346 350 354 354 352 352 354 354 351 347 345 347 343 344 345 351 382 413 413 412 413 413 413 414 415 414 415 413 416 416 415
421 420 420 420 419 420 418 420 419 421 424 420 419 421 421 420 421 419 419 421 422 416 399 360 353 349 347 351 353 355 358 364 360 359 363 363 358 354 354 350 349 343 346 349 368 413 422 419 420 422 421 418 420 419 421 422 421 421 423
428 428 426 428 426 426 426 429 428 427 429 426 429 429 427 427 426 427 426 425 425 421 380 354 352 352 354 357 362 363 368 371 368 365 368 368 365 363 361 356 352 350 350 354 369 408 421 420 421 419 424 421 418 423 422 430 429 430 428
436 435 434 430 432 432 432 434 431 430 429 428 429 426 428 428 428 424 424 424 421 411 377 359 356 357 357 361 370 373 375 376 375 375 375 378 374 372 368 359 356 356 355 359 375 406 420 418 419 416 416 419 416 417 420 435 438 439 439
440 444 436 426 424 428 428 428 427 425 424 423 427 425 423 422 425 422 420 422 420 416 378 366 360 362 361 363 370 378 382 384 384 386 385 383 383 382 375 362 359 361 358 365 381 404 408 408 407 408 410 407 406 411 413 435 446 447 447
452 447 435 425 424 423 420 422 419 419 417 420 416 418 416 416 417 413 410 411 410 404 387 371 367 365 365 366 370 377 382 379 381 382 380 380 379 379 371 365 367 366 368 374 377 379 379 379 379 379 377 379 378 381 382 420 455 454 453
457 450 414 402 396 397 393 391 389 387 385 388 382 384 383 381 383 382 381 381 380 381 378 378 373 371 371 370 372 375 385 387 388 388 387 388 389 382 378 373 373 373 375 380 387 387 386 384 385 385 384 382 385 384 385 410 457 460 461
463 431 389 386 388 387 388 387 389 387 388 388 389 387 389 389 388 388 390 388 391 389 390 387 381 381 378 378 377 381 385 391 394 396 397 397 394 384 380 379 379 381 385 390 392 396 394 392 391 392 389 393 390 391 394 413 462 467 468
470 426 391 392 394 394 395 394 392 395 396 394 394 397 395 394 394 394 395 394 395 397 398 397 390 386 383 384 381 382 389 392 397 398 401 403 398 388 384 385 385 386 394 400 397 401 400 398 396 397 398 398 397 397 396 420 469 479 477
480 431 397 398 399 402 401 399 401 398 399 400 401 400 399 401 400 401 401 402 404 403 406 403 404 398 391 389 387 386 390 394 390 387 401 405 399 391 390 391 392 394 401 406 406 406 403 403 404 402 404 404 403 404 404 423 476 485 485
486 432 403 406 405 406 407 405 406 405 407 405 406 408 405 406 406 411 407 408 411 411 411 411 412 409 402 398 395 393 397 397 386 387 406 410 402 394 395 394 398 404 410 410 411 412 410 407 406 409 410 408 409 407 410 427 483 493 494
491 443 411 413 413 413 411 412 412 413 413 412 412 413 414 414 413 414 414 414 416 416 415 417 416 419 415 409 404 403 396 388 387 396 408 407 401 402 398 402 407 415 415 420 418 417 416 411 415 417 415 416 415 413 416 428 491 499 500
500 447 417 417 416 416 418 417 418 418 418 419 420 417 420 418 419 420 421 422 421 419 423 423 421 424 423 422 413 410 398 397 403 409 411 417 411 405 408 411 421 426 426 424 426 424 422 420 422 420 422 420 419 418 419 427 486 504 504
505 452 422 421 424 426 427 425 425 423 426 426 424 423 426 427 424 427 425 427 426 427 428 428 431 430 429 433 427 418 408 414 413 413 410 411 413 420 421 426 429 433 429 432 429 433 430 431 429 431 429 428 428 425 426 436 495 512 515
515 456 429 429 429 429 432 431 430 433 431 434 433 432 432 430 429 432 433 433 432 432 436 436 436 438 436 437 435 433 429 428 427 416 411 413 419 425 429 436 434 436 436 435 435 436 438 438 435 437 435 435 434 433 433 441 505 522 521
523 463 431 433 437 435 437 438 438 437 437 438 437 436 438 437 438 437 439 437 438 441 440 443 441 441 442 445 442 442 442 443 441 435 418 417 419 428 433 442 444 440 442 442 441 442 442 440 443 442 439 442 441 439 442 448 513 531 530
528 469 439 440 443 441 444 443 442 444 443 441 443 441 443 443 442 444 443 445 446 446 448 448 449 448 450 450 446 448 449 449 449 447 435 422 422 430 443 450 447 447 449 449 447 447 445 444 446 446 447 447 445 446 445 453 519 538 537
535 470 449 446 449 448 448 448 449 450 450 448 449 448 447 448 448 450 452 452 449 450 450 452 452 454 453 455 455 452 453 454 453 453 451 438 429 438 449 453 452 455 454 455 455 452 454 453 453 453 450 455 452 452 453 461 523 546 546
546 492 457 452 454 454 455 454 454 454 457 456 454 454 453 452 458 455 455 456 456 457 455 460 455 456 460 462 460 457 458 461 458 459 458 457 453 454 458 461 458 458 457 458 461 458 459 459 458 457 457 457 460 458 458 464 530 552 554
555 500 456 458 458 462 462 462 460 462 460 461 460 461 460 463 463 463 465 463 464 461 461 468 466 463 466 464 465 463 464 466 465 463 465 465 463 464 464 465 466 463 465 463 465 466 464 463 463 464 461 462 466 465 463 470 536 558 559
564 514 465 466 467 466 468 467 466 467 468 466 466 467 468 468 469 469 467 469 469 469 469 469 469 470 471 472 471 471 469 471 470 471 471 471 470 469 471 472 471 470 471 470 471 471 471 468 469 471 469 469 469 467 469 471 532 558 566
569 527 471 472 473 474 473 472 473 472 475 473 473 475 472 472 473 474 472 475 476 473 474 475 477 479 476 479 476 477 477 479 476 478 478 477 475 474 478 475 476 477 476 478 478 477 478 475 476 475 476 475 477 475 475 475 512 559 561
574 516 474 479 479 477 480 480 480 478 477 480 479 483 480 478 477 478 478 480 480 479 482 482 483 483 485 484 483 481 483 482 483 482 484 485 487 486 485 486 487 482 483 484 486 485 484 482 482 481 483 479 481 484 480 481 527 569 571
570 510 483 483 484 485 485 485 485 485 486 489 486 485 486 486 488 487 488 487 487 485 485 488 487 488 490 488 490 490 486 488 488 491 488 490 489 487 492 491 490 489 490 491 489 493 490 489 488 488 489 488 489 489 488 488 529 576 582
583 523 489 491 492 490 491 490 491 491 491 491 493 493 491 494 494 494 489 491 494 491 490 493 494 493 493 494 498 495 497 494 496 495 494 496 496 495 495 493 494 496 495 494 497 497 497 495 494 497 497 494 493 495 493 494 531 583 583
590 532 493 494 499 498 496 497 496 497 501 500 498 497 499 498 498 499 499 497 498 498 499 500 500 500 501 502 501 503 502 502 503 500 501 504 502 500 503 504 505 501 501 502 502 502 500 499 499 501 500 503 501 498 497 500 539 589 595
595 530 500 504 500 499 504 502 500 501 505 504 503 501 504 507 505 504 503 504 502 505 502 506 506 507 507 508 506 507 506 506 509 507 507 506 506 504 506 507 509 508 507 507 507 507 504 507 505 507 505 506 506 507 504 503 536 596 599
600 539 504 508 508 508 509 508 511 509 512 512 510 510 511 508 511 510 509 509 512 510 510 514 512 515 512 514 513 515 512 515 511 509 512 515 513 513 514 513 512 515 512 512 512 512 514 513 514 513 510 514 511 511 512 514 538 602 604
607 540 510 512 513 515 512 514 514 517 516 515 517 515 514 515 516 518 514 516 514 513 514 518 519 519 518 521 519 519 520 518 517 521 516 522 519 518 519 517 517 520 518 521 521 519 519 522 519 516 517 518 518 518 516 515 544 602 604
605 543 518 520 521 519 521 522 520 522 520 522 521 522 520 519 520 520 520 520 520 520 523 525 524 523 524 526 523 523 525 522 523 525 524 525 524 524 523 526 524 524 523 524 523 525 526 524 524 523 525 523 521 523 518 519 544 611 610
615 553 524 525 524 527 524 525 525 528 526 526 528 526 526 527 528 525 524 527 527 527 530 531 531 530 529 528 529 528 528 531 526 528 528 529 530 530 526 528 530 532 531 531 529 531 530 527 528 525 528 528 530 529 528 528 551 612 617
614 564 526 531 532 530 529 530 530 532 532 533 533 535 533 531 532 535 533 530 532 534 535 536 535 531 535 534 533 531 535 534 534 529 534 534 534 534 534 534 537 537 535 535 536 535 536 537 534 536 534 536 534 537 535 532 559 612 616
626 570 537 537 535 536 540 536 538 539 537 540 540 539 539 534 535 541 540 540 537 538 538 540 539 537 538 536 538 539 539 537 538 538 537 542 540 539 542 541 541 539 537 540 542 542 541 541 540 538 540 540 539 542 541 542 565 618 627
628 581 539 540 541 543 541 541 540 539 544 543 544 543 541 542 544 541 543 542 540 546 546 548 549 549 547 548 543 545 546 551 548 549 544 549 541 545 545 548 548 545 546 546 547 546 547 545 543 543 545 545 544 545 543 545 568 622 622
630 593 548 545 545 549 549 550 546 547 548 545 549 548 548 545 548 545 548 550 548 550 545 553 552 552 555 551 553 551 552 554 550 552 551 549 549 552 549 551 547 553 550 553 553 549 550 549 549 551 550 549 550 550 548 550 566 620 634
628 594 552 550 553 551 554 553 553 554 556 555 553 551 558 556 554 552 553 552 554 554 554 556 560 560 558 559 562 561 556 553 555 555 554 558 555 551 554 557 556 557 554 556 553 558 555 555 555 553 558 555 555 555 558 557 572 625 633
634 595 557 555 557 558 560 559 558 558 558 560 558 561 557 558 558 559 558 560 558 561 559 560 559 559 562 561 562 559 563 560 561 560 566 562 565 562 563 564 561 559 561 560 558 558 563 560 559 563 559 558 562 559 563 561 576 626 640
638 607 568 560 561 560 564 564 562 564 565 563 560 566 564 562 563 562 565 564 565 565 569 563 564 566 564 565 566 567 563 565 565 565 563 565 565 565 561 566 565 565 565 568 567 568 562 562 561 568 564 569 573 566 570 571 604 630 637
635 622 575 573 568 570 572 568 569 569 569 570 565 568 571 568 573 567 568 569 564 569 568 571 578 571 573 568 571 569 572 578 572 570 574 575 574 576 564 569 576 579 575 575 572 572 576 577 574 580 581 578 573 576 581 584 605 626 645
635 621 591 577 576 577 569 576 572 575 577 574 576 578 576 578 579 579 576 579 575 575 579 573 579 580 578 580 580 576 578 577 574 580 581 573 575 577 577 580 576 575 581 579 576 576 576 574 575 582 579 575 575 579 583 586 604 626 630
627 615 593 587 588 581 580 581 585 583 581 575 579 579 577 578 587 581 582 576 577 579 580 581 580 583 583 579 583 581 583 582 583 580 579 578 580 581 582 579 582 584 581 581 582 582 583 585 582 578 583 589 588 596 589 592 608 633 637
637 619 597 585 581 586 588 584 588 589 584 585 586 582 584 588 584 582 587 588 582 580 582 586 586 589 587 591 586 586 589 589 585 588 585 588 587 584 588 582 583 583 586 592 585 588 589 586 592 593 591 592 591 588 594 600 608 630 636
637 622 602 592 591 588 591 590 587 589 590 585 580 589 586 588 585 594 585 587 583 587 587 585 586 589 592 585 588 592 591 595 585 589 592 589 591 594 590 588 596 594 592 586 590 591 591 585 592 599 594 597 596 596 597 600 617 634 651
644 631 607 597 598 593 593 596 594 588 586 589 589 591 586 594 591 592 592 589 590 592 593 590 592 595 595 597 591 592 594 591 591 594 593 591 597 597 593 593 600 599 600 597 599 595 597 598 600 600 598 598 597 593 604 601 616 643 649
