298 291 281 274 264 257 250 241 232 224 216 207 199 192 183 175 168 157 150 143 133 125 116 108 101 92 84 74 66 59 49 42 34 24 17 7 0 -8 -18 -25 -33 -42 -50 -59 -67 -75 -84 -92 -101 -109 -116 -126 -134 -144 -151 -158 -169 -177 -184
299 290 282 273 264 258 249 240 232 225 217 207 200 192 182 175 167 158 150 143 133 125 116 108 101 91 84 76 67 59 49 42 34 24 17 7 0 -8 -18 -25 -33 -43 -50 -60 -67 -75 -84 -92 -102 -109 -116 -126 -134 -143 -151 -159 -170 -176 -185
300 291 282 274 266 257 249 241 232 225 217 207 199 193 183 174 168 158 150 142 133 126 116 108 102 92 84 76 66 59 49 42 34 24 17 9 0 -8 -18 -25 -33 -43 -50 -59 -67 -76 -84 -92 -102 -109 -117 -126 -134 -144 -151 -159 -168 -176 -184
299 290 282 275 267 258 249 240 232 225 217 207 201 192 182 175 167 159 150 142 133 125 116 108 101 91 84 76 66 59 49 42 34 24 17 9 0 -8 -18 -25 -33 -42 -50 -60 -67 -76 -84 -92 -102 -109 -118 -126 -134 -144 -151 -158 -168 -176 -184
299 289 282 273 266 257 248 242 231 225 218 207 201 192 183 174 168 157 150 143 133 125 116 108 100 91 84 76 67 59 49 41 34 24 17 9 0 -8 -18 -25 -33 -42 -50 -59 -67 -76 -84 -92 -101 -109 -118 -126 -134 -143 -150 -159 -169 -176 -187
300 290 282 274 266 257 249 241 231 225 216 208 200 193 183 175 167 158 150 143 133 125 116 108 101 91 84 76 66 59 51 42 34 24 17 9 0 -8 -18 -25 -33 -42 -50 -59 -67 -76 -84 -92 -101 -109 -118 -126 -134 -143 -151 -158 -168 -176 -186
300 289 280 274 266 256 249 242 231 225 217 207 200 192 182 175 167 158 150 143 133 126 116 109 101 91 84 76 67 59 51 42 34 26 17 9 0 -8 -18 -25 -33 -42 -50 -59 -67 -77 -84 -93 -102 -109 -118 -126 -134 -143 -151 -159 -168 -175 -186
300 291 282 274 265 257 249 242 231 224 216 209 199 192 182 175 167 157 150 143 133 126 116 108 101 92 83 76 67 59 50 40 33 26 17 9 0 -8 -16 -25 -33 -42 -50 -60 -67 -77 -84 -94 -101 -109 -118 -126 -134 -143 -151 -159 -169 -176 -186
300 289 282 274 267 256 250 241 233 225 216 209 199 193 182 175 168 158 150 143 133 126 118 108 101 91 84 76 65 55 46 37 30 24 16 9 0 -8 -16 -25 -33 -42 -50 -60 -67 -76 -84 -94 -101 -109 -119 -126 -134 -143 -151 -160 -168 -177 -186
299 290 282 274 266 257 248 242 231 224 217 209 201 191 182 175 167 158 150 143 133 126 118 108 100 92 83 72 60 51 44 36 29 23 15 8 1 -8 -16 -25 -33 -42 -52 -60 -67 -76 -84 -93 -101 -109 -119 -126 -134 -143 -151 -161 -169 -176 -185
299 290 282 273 266 256 249 241 232 224 217 208 199 191 182 175 167 158 150 144 133 126 118 108 101 91 80 68 58 50 44 35 29 22 14 8 1 -8 -16 -25 -33 -42 -52 -59 -69 -76 -84 -94 -101 -111 -119 -126 -136 -143 -151 -160 -168 -176 -186
299 292 281 274 266 256 249 242 231 224 216 210 200 193 183 175 168 158 150 144 133 126 118 108 101 90 77 66 57 50 43 35 28 22 14 8 1 -8 -16 -25 -33 -42 -52 -59 -69 -76 -84 -94 -101 -111 -119 -126 -136 -143 -151 -160 -168 -176 -186
299 291 281 273 266 257 249 241 234 224 216 209 200 192 182 175 167 157 150 143 133 125 118 108 101 88 75 66 56 49 43 34 28 22 14 8 1 -7 -15 -25 -33 -42 -52 -59 -69 -76 -84 -93 -101 -111 -119 -126 -135 -143 -151 -161 -167 -176 -185
299 293 282 273 265 257 249 242 234 224 216 209 200 191 182 175 167 158 150 142 133 126 117 108 101 87 74 65 56 49 43 35 28 22 14 8 1 -7 -15 -26 -33 -42 -52 -59 -69 -76 -84 -94 -101 -111 -118 -126 -135 -143 -151 -160 -168 -176 -185
297 291 281 273 266 257 249 241 233 224 216 210 199 191 183 174 167 157 149 142 132 125 118 108 101 87 73 65 56 49 42 34 28 22 14 7 1 -7 -15 -25 -33 -42 -50 -59 -67 -77 -84 -94 -101 -109 -119 -126 -134 -143 -151 -160 -168 -176 -186
298 292 281 274 266 256 249 241 234 223 216 209 200 192 182 175 167 157 150 142 133 125 118 108 101 88 75 65 55 49 43 35 28 22 14 7 1 -7 -15 -25 -33 -42 -50 -59 -67 -76 -84 -94 -101 -109 -118 -126 -133 -143 -151 -160 -168 -176 -186
299 291 282 274 267 257 249 241 233 224 216 209 199 192 182 175 167 157 150 142 132 125 117 108 101 88 74 65 56 49 43 34 28 22 14 8 0 -7 -15 -25 -33 -42 -50 -59 -67 -77 -84 -94 -101 -109 -119 -126 -133 -143 -151 -160 -168 -176 -185
300 292 282 273 267 258 248 241 234 225 217 209 200 192 183 174 167 157 149 142 132 125 118 108 100 86 74 65 55 49 43 35 28 22 14 8 0 -7 -15 -25 -33 -42 -50 -59 -67 -76 -84 -94 -101 -109 -118 -126 -134 -143 -151 -158 -168 -176 -185
298 292 282 273 265 257 248 242 232 224 216 207 200 191 183 174 167 157 150 142 132 125 116 108 97 82 73 64 55 49 43 35 28 22 14 7 0 -7 -17 -25 -33 -42 -50 -59 -67 -77 -84 -94 -101 -109 -119 -126 -134 -143 -150 -158 -167 -175 -186
298 292 281 274 267 256 249 241 231 224 216 207 200 193 183 174 167 158 150 142 133 125 116 108 99 83 73 64 55 49 43 35 28 20 14 7 0 -7 -17 -25 -33 -42 -50 -59 -67 -76 -84 -92 -101 -109 -119 -126 -134 -143 -151 -158 -168 -176 -185
298 290 282 273 266 257 249 241 233 223 218 207 200 192 182 175 167 158 150 142 133 125 115 108 100 84 74 64 55 49 43 34 28 20 14 8 0 -7 -17 -25 -33 -42 -50 -59 -67 -77 -84 -92 -101 -109 -119 -126 -134 -143 -150 -158 -167 -176 -185
299 289 281 274 267 257 249 242 232 224 217 208 200 192 183 174 168 157 150 142 133 126 115 108 100 86 74 64 55 49 41 35 28 20 14 8 0 -7 -18 -25 -33 -42 -50 -60 -67 -76 -84 -92 -102 -109 -118 -126 -133 -144 -151 -159 -169 -176 -187
299 289 282 274 265 256 249 241 231 224 216 208 199 191 183 174 167 157 149 142 133 125 116 107 100 90 77 65 55 49 41 35 28 20 14 8 0 -8 -18 -25 -33 -42 -50 -60 -67 -77 -84 -92 -101 -109 -119 -126 -134 -143 -151 -158 -168 -176 -185
299 289 282 275 266 257 249 242 231 224 216 208 200 192 182 175 167 157 150 142 133 125 116 108 100 91 81 67 56 49 41 35 28 21 14 6 0 -8 -18 -25 -35 -42 -50 -59 -67 -76 -84 -92 -101 -109 -118 -126 -134 -143 -151 -158 -168 -175 -186
299 289 282 274 265 257 248 241 231 224 217 207 200 191 182 175 167 158 150 140 132 125 116 108 100 90 80 68 57 50 42 35 29 21 14 6 0 -8 -17 -25 -35 -42 -50 -59 -67 -77 -84 -92 -101 -108 -116 -126 -134 -143 -151 -158 -168 -175 -185
299 289 281 274 265 257 249 242 232 224 216 207 200 191 183 175 167 157 150 140 132 126 115 108 97 83 75 67 58 51 42 35 29 21 15 6 0 -7 -16 -24 -34 -42 -50 -59 -67 -76 -84 -92 -101 -109 -117 -126 -133 -143 -151 -159 -168 -176 -185
300 289 281 274 264 256 247 240 232 225 217 207 200 192 183 174 165 157 150 140 133 126 115 102 90 79 73 66 57 51 43 36 29 21 15 6 0 -7 -15 -22 -32 -41 -50 -59 -67 -75 -84 -92 -102 -109 -117 -126 -134 -143 -151 -159 -168 -177 -185
296 289 281 275 264 257 250 242 232 225 217 207 199 192 182 174 166 158 150 141 133 123 107 96 88 78 72 65 57 51 43 36 29 21 14 6 0 -7 -15 -22 -30 -38 -46 -58 -67 -76 -84 -92 -102 -109 -117 -126 -134 -144 -151 -159 -168 -176 -186
297 289 282 275 264 258 248 242 233 224 217 208 200 190 182 175 166 157 150 140 131 116 103 94 87 79 73 65 57 51 42 36 29 21 14 6 0 -7 -15 -22 -30 -37 -44 -54 -65 -77 -84 -92 -101 -109 -116 -126 -134 -144 -151 -158 -168 -176 -183
297 289 281 274 264 257 249 240 232 225 217 207 200 189 183 175 166 157 151 140 124 111 101 94 87 79 72 65 57 50 42 36 29 21 14 6 0 -7 -16 -22 -30 -37 -44 -52 -61 -74 -84 -92 -101 -109 -116 -126 -134 -143 -152 -159 -168 -176 -184
297 289 281 273 264 256 248 240 232 224 215 206 200 190 182 174 165 158 149 133 118 109 101 94 88 80 72 65 57 50 42 36 29 21 14 6 0 -7 -16 -24 -32 -37 -44 -52 -59 -69 -82 -92 -101 -109 -117 -126 -134 -144 -151 -158 -167 -175 -183
297 290 282 273 264 257 249 240 231 224 215 207 199 190 182 174 165 158 146 127 116 109 101 96 93 82 72 63 56 50 42 35 29 21 14 6 0 -7 -16 -25 -34 -40 -45 -53 -59 -67 -78 -92 -101 -109 -116 -126 -133 -143 -151 -159 -168 -175 -183
297 291 282 273 265 257 248 239 232 223 215 207 200 190 182 174 165 156 140 123 116 109 103 103 99 85 72 63 56 50 42 35 29 21 14 6 0 -7 -16 -25 -35 -42 -49 -54 -59 -67 -76 -91 -102 -109 -117 -126 -134 -143 -151 -159 -168 -175 -183
297 290 282 272 265 256 249 240 232 226 215 206 199 190 182 175 166 154 134 123 116 111 109 107 98 85 72 63 56 50 42 35 29 21 14 6 0 -7 -16 -24 -35 -42 -50 -55 -59 -67 -75 -90 -102 -109 -117 -126 -134 -143 -151 -158 -168 -176 -183
297 289 281 272 264 256 249 240 232 224 215 208 200 190 182 174 164 150 132 123 117 115 114 108 98 86 73 63 56 50 42 35 29 21 14 6 0 -7 -16 -24 -35 -42 -50 -55 -59 -67 -75 -89 -102 -109 -117 -126 -134 -144 -151 -158 -169 -176 -183
298 290 281 272 264 257 249 240 233 225 215 208 200 190 183 175 165 148 129 122 118 118 116 108 99 86 73 63 56 50 42 35 29 20 14 6 0 -7 -16 -24 -35 -42 -50 -55 -59 -67 -76 -90 -102 -109 -116 -127 -133 -143 -151 -159 -168 -176 -183
295 290 282 272 264 258 248 240 233 225 215 207 201 190 183 175 165 147 129 122 118 118 116 108 98 85 73 63 56 49 42 35 29 20 14 6 0 -7 -15 -24 -34 -42 -49 -54 -58 -65 -77 -91 -102 -109 -117 -126 -134 -141 -151 -159 -169 -176 -183
297 290 282 273 265 257 248 239 232 222 215 208 198 190 183 173 165 147 129 122 117 118 116 108 98 85 73 63 56 49 42 35 29 21 14 6 0 -7 -16 -23 -34 -42 -49 -53 -58 -65 -78 -91 -102 -109 -117 -126 -134 -141 -151 -158 -169 -176 -184
297 288 280 273 265 258 248 240 233 222 215 207 198 190 184 173 165 150 129 122 117 118 115 108 97 85 72 63 56 49 42 35 29 21 14 6 0 -7 -15 -23 -34 -42 -46 -51 -58 -65 -81 -92 -102 -109 -116 -126 -134 -141 -151 -159 -166 -175 -184
298 290 280 273 265 258 249 239 232 223 215 208 198 191 183 174 165 153 130 122 116 116 116 108 98 86 72 63 56 49 41 35 27 21 14 6 0 -7 -15 -23 -32 -37 -43 -51 -58 -67 -83 -92 -102 -110 -118 -127 -135 -142 -152 -159 -167 -176 -183
298 288 282 272 266 255 249 239 233 223 215 208 198 190 183 173 166 155 133 121 116 113 116 108 98 87 73 63 56 49 41 35 27 21 14 6 0 -7 -15 -23 -30 -37 -43 -51 -58 -70 -84 -93 -102 -110 -117 -127 -135 -142 -152 -160 -167 -177 -184
297 288 282 274 265 256 249 240 233 224 216 207 198 190 183 174 166 157 138 124 116 110 113 108 99 88 74 64 56 48 42 35 27 20 14 6 0 -7 -15 -23 -30 -36 -43 -51 -59 -72 -84 -92 -102 -109 -118 -127 -134 -142 -151 -159 -167 -177 -184
297 288 280 273 266 256 248 241 231 224 216 208 199 191 182 174 166 157 139 122 115 106 105 106 98 89 73 64 56 48 41 35 27 20 14 6 0 -7 -16 -24 -32 -37 -43 -51 -60 -73 -84 -92 -100 -109 -117 -126 -134 -142 -152 -159 -167 -176 -185
295 288 281 272 263 257 249 241 231 223 215 206 198 190 180 174 166 155 135 121 111 105 101 97 98 90 75 65 57 48 42 35 27 21 14 6 0 -7 -16 -25 -34 -41 -46 -53 -64 -75 -85 -92 -100 -109 -117 -127 -135 -142 -151 -160 -167 -177 -184
296 289 281 272 264 257 248 239 231 223 215 206 198 190 181 173 165 153 133 120 111 109 104 98 97 90 77 65 57 48 42 35 27 21 14 6 0 -7 -16 -25 -35 -42 -49 -59 -67 -75 -85 -93 -100 -109 -117 -125 -134 -142 -151 -159 -167 -177 -185
296 288 281 273 263 256 249 239 231 224 215 206 198 191 181 174 167 155 138 122 113 110 113 106 98 90 76 64 57 48 41 35 27 21 14 6 0 -7 -16 -23 -34 -42 -50 -59 -67 -75 -85 -92 -100 -109 -117 -125 -134 -142 -150 -160 -168 -177 -183
296 287 281 271 263 255 247 238 230 223 216 205 199 190 181 173 166 156 147 136 124 120 115 106 98 89 74 64 57 48 42 35 27 21 14 6 0 -7 -15 -22 -31 -40 -49 -60 -67 -75 -84 -92 -100 -109 -117 -125 -135 -142 -150 -159 -167 -174 -184
297 288 281 271 263 256 247 239 230 222 213 206 199 190 181 173 165 156 148 141 130 123 116 106 97 83 71 63 56 48 42 35 27 21 14 6 0 -7 -15 -22 -30 -37 -46 -58 -67 -75 -84 -92 -100 -109 -117 -125 -135 -142 -150 -159 -168 -175 -184
296 288 280 271 262 255 248 238 231 223 213 205 198 189 181 173 163 155 148 141 131 123 116 105 91 79 69 62 56 48 42 35 27 21 14 6 0 -7 -15 -21 -29 -36 -43 -54 -66 -75 -84 -92 -99 -109 -117 -125 -134 -142 -150 -159 -167 -175 -184
297 288 278 270 264 255 246 238 230 223 213 206 198 189 181 173 163 156 148 140 132 123 115 98 85 77 68 62 55 48 42 35 27 21 14 6 0 -7 -15 -21 -29 -35 -42 -51 -62 -75 -84 -92 -99 -109 -117 -125 -135 -142 -150 -159 -168 -175 -184
297 288 278 271 263 256 245 238 230 222 215 205 197 188 181 173 164 155 147 139 131 122 110 91 83 75 67 62 55 48 42 36 27 21 14 6 0 -7 -15 -21 -29 -35 -41 -49 -59 -73 -84 -92 -99 -110 -117 -124 -134 -141 -149 -159 -167 -174 -185
296 288 278 271 262 255 245 238 230 220 213 204 198 188 180 172 163 155 147 138 130 121 101 88 81 74 67 61 56 48 42 36 27 20 14 6 0 -7 -15 -21 -29 -35 -41 -49 -58 -71 -83 -90 -98 -106 -115 -122 -130 -139 -146 -159 -167 -174 -183
296 286 278 268 260 251 243 236 228 217 210 202 193 184 177 170 160 152 144 134 126 116 98 87 80 73 66 61 56 48 42 36 27 21 14 6 0 -7 -15 -21 -28 -35 -41 -49 -58 -69 -81 -88 -95 -104 -111 -119 -127 -135 -143 -158 -166 -174 -182
294 287 273 260 251 244 237 229 222 211 203 196 188 180 172 165 156 148 140 131 123 115 97 87 80 72 66 60 53 48 42 36 27 21 14 6 0 -7 -15 -21 -28 -34 -40 -49 -58 -68 -77 -84 -91 -100 -108 -114 -122 -131 -138 -153 -167 -175 -182
294 283 268 254 247 237 229 222 212 205 197 191 181 173 166 157 150 142 134 126 118 110 97 87 80 72 66 60 52 47 41 33 27 20 14 6 0 -7 -15 -20 -28 -34 -41 -49 -56 -63 -71 -77 -83 -91 -97 -104 -110 -119 -126 -145 -167 -174 -182
292 280 251 237 225 219 210 202 193 186 179 173 162 157 150 142 136 129 121 115 108 102 93 87 80 72 65 59 52 46 41 33 27 20 12 6 0 -7 -15 -20 -28 -34 -41 -49 -56 -63 -70 -76 -83 -91 -97 -103 -110 -118 -125 -140 -165 -174 -182
291 264 231 223 217 210 204 197 190 182 176 168 163 156 150 142 135 129 122 115 109 102 95 88 80 72 65 59 51 46 40 33 27 20 12 6 0 -8 -14 -20 -28 -34 -41 -50 -56 -63 -71 -77 -83 -90 -97 -104 -110 -118 -125 -138 -164 -173 -181
290 256 229 222 217 210 204 195 188 183 177 168 162 157 150 141 135 129 121 115 109 101 95 88 80 72 65 59 51 45 40 32 26 20 12 6 0 -8 -14 -20 -28 -34 -41 -50 -56 -63 -69 -77 -83 -89 -97 -104 -110 -118 -124 -138 -163 -174 -181
292 255 229 222 216 210 203 195 189 182 175 168 162 156 147 142 135 129 121 115 109 101 95 88 80 73 66 59 51 45 39 32 26 19 12 6 0 -8 -14 -20 -28 -35 -41 -48 -56 -63 -69 -76 -83 -89 -97 -104 -110 -118 -124 -137 -163 -174 -182
291 252 227 222 215 209 203 195 189 182 176 168 162 156 147 141 134 130 121 115 109 101 95 89 81 74 66 59 51 45 39 32 25 19 12 6 0 -8 -14 -20 -28 -35 -42 -48 -56 -63 -69 -76 -82 -89 -97 -103 -110 -117 -124 -136 -161 -174 -182
289 254 227 222 216 209 200 195 188 183 175 168 162 156 148 141 135 127 121 114 109 101 94 88 80 74 67 59 52 46 39 30 25 19 12 6 0 -8 -14 -20 -27 -35 -42 -48 -56 -62 -69 -76 -83 -89 -97 -103 -110 -117 -124 -134 -161 -173 -181
289 250 227 221 214 208 201 194 188 182 174 168 162 154 148 141 135 127 121 115 108 100 95 88 80 74 68 60 52 46 38 31 25 19 12 6 0 -8 -14 -20 -27 -35 -42 -48 -56 -62 -68 -76 -83 -89 -97 -103 -109 -115 -123 -132 -157 -172 -180
288 249 226 220 215 208 202 195 189 180 174 168 161 153 147 141 134 127 120 115 107 101 94 88 81 74 68 60 53 46 39 31 25 19 12 6 0 -8 -14 -21 -27 -36 -42 -48 -56 -63 -69 -77 -83 -89 -97 -103 -109 -115 -123 -132 -158 -173 -181
288 248 227 221 214 207 202 195 188 181 174 168 162 153 147 140 134 127 121 114 106 100 95 88 80 74 68 60 53 47 38 32 26 19 11 5 0 -8 -15 -21 -27 -35 -42 -48 -56 -62 -69 -77 -82 -89 -97 -103 -109 -115 -123 -132 -159 -174 -181
288 248 225 220 214 206 201 194 188 180 174 168 161 153 147 140 133 127 121 114 106 101 94 87 80 74 67 60 53 47 39 33 26 20 11 5 0 -8 -14 -21 -27 -35 -42 -48 -56 -62 -68 -76 -83 -89 -95 -103 -109 -115 -124 -132 -158 -171 -180
286 248 225 220 213 206 201 194 186 180 174 166 159 152 147 140 132 127 120 114 106 100 94 86 80 74 68 60 53 47 39 33 26 20 12 5 0 -8 -15 -21 -27 -35 -42 -48 -56 -62 -68 -76 -82 -88 -95 -103 -109 -115 -123 -132 -158 -171 -180
286 245 227 218 213 206 200 193 186 180 174 167 159 153 146 140 132 127 120 113 106 100 93 86 80 74 67 60 53 47 39 33 26 20 12 6 0 -8 -15 -21 -27 -35 -42 -48 -56 -62 -68 -76 -82 -89 -94 -103 -109 -115 -123 -132 -157 -171 -181
288 252 228 218 212 205 200 193 185 179 174 167 159 153 146 138 133 126 120 112 106 100 93 86 79 73 66 60 53 47 39 33 26 20 12 6 0 -8 -15 -21 -27 -35 -41 -48 -56 -62 -68 -76 -82 -88 -95 -102 -109 -115 -121 -131 -157 -171 -181
288 253 223 217 211 207 200 193 185 180 173 165 159 153 146 139 133 126 121 112 106 99 93 87 80 73 66 59 53 47 39 33 26 18 12 6 0 -8 -15 -21 -29 -35 -41 -48 -55 -62 -68 -76 -82 -88 -94 -102 -109 -115 -121 -131 -156 -170 -180
290 257 224 218 212 205 200 192 185 179 173 165 159 153 146 138 133 126 119 112 106 100 92 86 79 73 66 59 53 47 39 32 26 18 12 6 0 -8 -15 -21 -29 -35 -41 -48 -56 -62 -68 -75 -82 -88 -94 -102 -109 -114 -121 -129 -153 -168 -178
288 257 223 218 212 206 198 191 186 179 174 165 159 153 146 138 132 126 118 112 106 99 92 86 80 74 65 59 53 47 39 33 26 18 12 6 0 -8 -15 -21 -29 -35 -41 -48 -56 -62 -68 -74 -82 -88 -95 -102 -109 -115 -121 -129 -145 -166 -174
284 249 222 218 212 205 198 192 186 179 171 165 158 153 145 138 131 125 118 112 106 99 92 86 80 73 66 59 53 46 39 32 26 18 12 6 0 -8 -15 -21 -29 -35 -41 -47 -56 -62 -68 -74 -82 -88 -95 -102 -108 -115 -121 -129 -148 -167 -175
278 242 223 217 211 204 198 191 185 179 172 166 159 152 144 138 133 126 119 112 106 99 91 86 79 73 65 59 53 47 39 32 26 18 12 6 0 -8 -15 -21 -29 -35 -41 -48 -55 -62 -68 -74 -82 -88 -95 -102 -109 -115 -121 -129 -147 -167 -176
281 245 223 218 212 204 198 191 185 177 171 164 159 153 144 139 132 126 117 112 106 99 91 85 79 73 65 59 53 45 39 32 26 18 12 6 0 -8 -15 -21 -29 -35 -41 -47 -55 -62 -68 -74 -82 -88 -95 -101 -108 -115 -121 -127 -145 -167 -174
281 247 222 217 211 204 197 191 185 177 172 165 158 150 145 138 132 124 118 112 105 98 92 85 79 71 65 59 53 45 39 32 26 18 12 6 0 -8 -15 -21 -29 -35 -41 -47 -55 -62 -68 -74 -81 -88 -94 -101 -108 -114 -120 -127 -145 -166 -175
280 242 223 216 209 202 198 191 182 176 171 164 158 150 144 139 132 124 118 112 105 98 91 86 79 71 65 59 53 45 38 32 26 18 12 6 0 -8 -15 -21 -29 -35 -41 -47 -55 -61 -67 -74 -81 -88 -94 -100 -108 -114 -120 -126 -143 -166 -175
279 244 222 215 209 203 197 191 184 177 171 165 157 151 145 138 132 124 118 111 106 98 91 86 79 72 65 59 53 45 38 32 26 18 12 6 0 -8 -15 -21 -29 -35 -41 -47 -55 -61 -68 -74 -82 -88 -94 -100 -108 -114 -120 -127 -142 -166 -174
279 241 220 215 209 203 196 189 182 177 171 164 157 150 144 138 130 125 117 112 105 97 91 85 79 71 65 59 53 45 39 32 26 18 12 6 -2 -8 -15 -21 -28 -35 -41 -48 -55 -61 -68 -74 -82 -87 -94 -100 -108 -114 -120 -126 -141 -164 -172
274 238 221 215 210 203 197 189 182 177 170 164 156 150 144 137 130 123 117 111 103 97 91 85 79 71 65 59 52 45 38 32 26 18 12 6 -2 -8 -14 -21 -29 -35 -41 -47 -55 -61 -68 -74 -81 -88 -94 -100 -107 -114 -119 -125 -140 -164 -171
275 239 221 215 208 203 195 188 182 177 170 162 157 150 144 138 130 123 117 111 104 97 91 85 77 71 65 58 51 44 38 32 24 18 12 6 -2 -8 -14 -21 -28 -35 -41 -47 -55 -61 -67 -73 -81 -87 -93 -100 -108 -114 -120 -126 -138 -162 -171
270 241 219 215 209 202 194 188 182 176 170 162 156 151 144 136 130 124 117 111 103 97 91 85 77 70 65 58 51 44 38 32 24 18 12 6 -2 -8 -14 -21 -29 -35 -41 -47 -55 -61 -67 -74 -81 -88 -93 -100 -106 -114 -120 -126 -138 -160 -169
272 241 221 215 208 201 195 188 182 176 168 162 156 150 144 135 129 124 117 110 103 97 91 85 77 70 64 58 50 44 38 32 24 18 12 6 -2 -8 -14 -21 -28 -35 -41 -47 -55 -61 -67 -73 -81 -87 -93 -100 -106 -114 -120 -127 -138 -160 -170
270 243 219 213 208 201 193 187 181 174 168 162 156 149 141 135 129 123 117 109 102 97 91 83 77 71 65 59 50 44 38 32 24 18 12 6 -2 -8 -14 -21 -28 -34 -41 -47 -55 -61 -67 -73 -79 -87 -93 -99 -105 -113 -119 -126 -137 -159 -166
268 245 220 213 205 201 194 188 181 173 168 160 156 149 141 134 129 122 115 109 103 97 90 83 77 71 65 58 51 44 38 32 24 18 12 6 -2 -8 -14 -21 -28 -35 -41 -47 -55 -61 -67 -73 -79 -87 -93 -99 -105 -113 -119 -125 -135 -157 -168
264 243 220 211 206 199 194 187 181 174 168 161 155 147 142 135 129 122 115 108 103 96 90 83 77 71 65 57 51 45 38 32 24 18 12 6 -2 -8 -14 -21 -28 -34 -40 -47 -54 -61 -67 -73 -79 -86 -93 -99 -105 -113 -120 -125 -135 -155 -166
263 241 219 211 205 200 194 187 179 173 167 161 154 148 140 135 128 122 115 109 102 96 88 82 76 70 64 56 50 44 38 32 24 18 12 6 -2 -8 -14 -21 -28 -34 -41 -47 -54 -60 -67 -73 -79 -87 -93 -98 -105 -112 -119 -125 -135 -153 -166
262 243 219 210 204 198 193 187 178 173 167 160 153 147 141 134 128 120 115 108 102 96 89 82 76 70 64 56 50 44 38 30 24 18 12 6 -2 -8 -14 -20 -28 -34 -40 -47 -54 -61 -66 -72 -78 -87 -92 -99 -106 -111 -119 -126 -140 -153 -163
258 244 220 213 205 199 194 185 179 173 167 161 152 146 141 134 129 120 114 108 101 96 88 82 77 70 64 56 50 44 38 30 24 18 12 6 -2 -8 -14 -20 -28 -35 -41 -47 -54 -60 -67 -73 -79 -88 -94 -100 -105 -112 -121 -127 -139 -150 -163
255 241 224 212 205 200 190 185 178 173 167 160 153 147 141 135 129 121 115 109 102 94 89 82 76 70 62 56 50 44 38 30 24 18 12 6 -2 -8 -14 -21 -28 -34 -41 -47 -54 -60 -66 -72 -78 -87 -93 -98 -104 -111 -120 -127 -137 -149 -156
248 236 222 213 208 199 190 185 180 173 166 157 152 146 139 134 128 120 114 107 101 94 88 82 76 70 62 56 50 44 38 30 24 18 12 6 -2 -8 -14 -20 -28 -34 -40 -46 -54 -60 -66 -73 -78 -86 -92 -99 -105 -113 -120 -126 -136 -148 -156
249 236 221 210 203 197 191 184 179 173 165 158 152 145 140 134 126 119 114 108 101 93 88 82 76 70 62 56 50 44 38 30 24 18 12 4 -2 -8 -14 -20 -28 -34 -40 -47 -54 -60 -66 -72 -79 -87 -93 -99 -105 -111 -119 -127 -135 -146 -154
247 234 220 211 204 196 190 184 177 171 164 156 149 145 139 131 125 120 113 107 99 93 87 81 75 69 62 55 49 44 38 30 24 18 12 4 -2 -8 -14 -20 -28 -34 -40 -46 -52 -60 -66 -71 -78 -87 -92 -99 -105 -111 -119 -126 -135 -146 -156
247 235 220 210 203 195 189 184 177 169 161 156 150 144 137 132 125 119 113 106 99 93 87 81 75 68 62 56 49 43 36 30 24 18 12 4 -2 -8 -14 -20 -28 -34 -40 -46 -52 -60 -66 -72 -78 -85 -92 -98 -104 -109 -117 -125 -134 -146 -154
