1962 1967 1945 1953 1947 1950 1957 1947 1953 1951 1949 1950 1947 1953 1954 1950 1955 1945 1952 1953 1954 1947 1956 1952 1958 1966 1966 1961 1959 1965 1957 1963 1955 1954 1956 1960 1968 1958 1956 1955 1949 1948 1938 1940 1943 1946 1946 1949 1948 1953 1947 1946 1952 1955 1955 1944 1956 1961 1956
1963 1954 1958 1947 1951 1962 1953 1940 1955 1956 1956 1952 1952 1951 1944 1952 1949 1952 1948 1955 1950 1951 1953 1958 1970 1960 1960 1950 1972 1968 1965 1965 1964 1953 1957 1959 1961 1964 1966 1959 1954 1955 1944 1950 1947 1947 1946 1948 1953 1950 1945 1949 1948 1944 1947 1950 1967 1953 1964
1958 1965 1956 1954 1949 1956 1949 1950 1951 1957 1953 1949 1949 1957 1954 1941 1956 1954 1947 1947 1950 1956 1955 1952 1971 1963 1962 1961 1957 1958 1959 1967 1966 1961 1965 1964 1966 1965 1962 1955 1953 1958 1944 1941 1944 1939 1951 1942 1952 1954 1953 1952 1950 1958 1955 1952 1950 1955 1961
1956 1955 1955 1956 1960 1962 1950 1943 1951 1961 1957 1952 1965 1954 1946 1948 1951 1965 1946 1952 1949 1954 1953 1955 1957 1962 1956 1956 1958 1959 1947 1971 1958 1955 1952 1953 1956 1966 1948 1950 1947 1943 1957 1952 1950 1944 1950 1950 1952 1946 1946 1947 1955 1953 1950 1947 1952 1954 1959
1955 1948 1954 1944 1946 1951 1946 1953 1944 1958 1960 1953 1961 1951 1953 1947 1955 1941 1957 1963 1952 1945 1953 1951 1949 1952 1955 1959 1969 1950 1951 1952 1954 1954 1953 1956 1951 1955 1953 1939 1954 1947 1950 1942 1949 1945 1950 1946 1945 1957 1945 1950 1950 1951 1943 1952 1956 1951 1967
1957 1960 1956 1949 1951 1952 1949 1949 1946 1954 1943 1956 1954 1958 1952 1951 1953 1951 1951 1957 1956 1946 1955 1950 1957 1955 1961 1952 1953 1960 1954 1966 1956 1956 1955 1952 1963 1961 1960 1951 1946 1943 1945 1948 1946 1942 1946 1945 1950 1956 1941 1947 1947 1951 1952 1949 1952 1953 1960
1959 1949 1943 1952 1952 1943 1947 1955 1947 1954 1951 1946 1955 1948 1950 1948 1949 1958 1948 1962 1957 1964 1958 1960 1956 1958 1959 1965 1963 1967 1964 1956 1952 1948 1956 1944 1961 1965 1958 1945 1940 1952 1952 1940 1953 1948 1947 1942 1955 1953 1947 1948 1949 1948 1951 1950 1954 1947 1957
1963 1964 1957 1954 1942 1955 1947 1956 1944 1951 1948 1967 1945 1953 1950 1948 1952 1947 1953 1959 1950 1956 1960 1957 1963 1963 1947 1954 1964 1949 1917 1881 1881 1927 1942 1960 1951 1957 1947 1945 1942 1953 1939 1950 1946 1951 1953 1949 1946 1949 1948 1951 1949 1951 1951 1953 1955 1954 1954
1961 1952 1952 1949 1954 1947 1956 1950 1957 1955 1944 1947 1948 1958 1947 1955 1957 1956 1953 1953 1954 1960 1964 1950 1955 1961 1959 1963 1905 1827 1769 1761 1754 1794 1834 1913 1952 1953 1950 1949 1946 1943 1947 1950 1947 1941 1948 1946 1939 1947 1949 1946 1949 1948 1950 1944 1952 1959 1953
1953 1959 1953 1952 1951 1952 1946 1956 1947 1947 1953 1951 1962 1946 1947 1951 1951 1958 1951 1956 1957 1966 1960 1954 1947 1965 1939 1861 1761 1709 1697 1683 1697 1701 1743 1783 1869 1939 1957 1947 1946 1950 1951 1952 1943 1942 1952 1943 1949 1952 1950 1950 1958 1952 1946 1951 1959 1957 1950
1953 1957 1952 1947 1950 1944 1947 1950 1952 1946 1951 1944 1949 1946 1948 1950 1948 1960 1951 1969 1958 1963 1960 1951 1952 1953 1877 1756 1700 1669 1674 1659 1660 1663 1687 1703 1775 1890 1960 1951 1946 1948 1950 1937 1935 1944 1940 1955 1945 1947 1949 1949 1950 1948 1948 1948 1950 1955 1958
1955 1957 1947 1955 1948 1949 1951 1955 1943 1950 1949 1955 1952 1959 1954 1953 1960 1958 1951 1968 1960 1962 1959 1958 1963 1930 1794 1704 1683 1669 1663 1636 1642 1655 1656 1680 1720 1824 1921 1963 1944 1935 1947 1940 1949 1940 1944 1945 1942 1946 1950 1951 1951 1947 1950 1946 1949 1951 1955
1954 1952 1951 1945 1950 1950 1953 1950 1950 1946 1948 1949 1953 1952 1950 1954 1949 1946 1957 1955 1954 1954 1959 1955 1961 1878 1750 1690 1663 1638 1634 1629 1624 1636 1638 1660 1689 1757 1886 1953 1943 1943 1940 1943 1947 1944 1943 1941 1946 1949 1952 1949 1947 1948 1951 1951 1943 1952 1945
1952 1964 1955 1944 1944 1954 1952 1958 1949 1949 1949 1949 1955 1944 1950 1950 1949 1954 1956 1949 1954 1956 1948 1945 1958 1875 1737 1681 1642 1628 1635 1630 1629 1627 1626 1643 1674 1742 1872 1970 1943 1937 1951 1945 1936 1943 1947 1947 1946 1944 1948 1953 1946 1944 1949 1947 1950 1956 1950
1942 1953 1950 1948 1950 1954 1953 1950 1942 1949 1949 1955 1950 1946 1952 1946 1947 1943 1944 1944 1940 1954 1949 1945 1957 1861 1715 1668 1656 1635 1619 1628 1630 1616 1634 1636 1654 1725 1864 1959 1951 1943 1944 1939 1942 1949 1946 1947 1940 1947 1952 1942 1957 1948 1952 1950 1947 1949 1956
1950 1955 1949 1951 1948 1942 1954 1949 1949 1943 1946 1948 1957 1955 1947 1950 1947 1947 1952 1945 1947 1949 1949 1944 1958 1878 1751 1669 1633 1630 1634 1632 1635 1628 1626 1635 1664 1737 1883 1959 1950 1938 1940 1946 1945 1945 1948 1951 1948 1948 1945 1949 1941 1951 1954 1948 1952 1954 1956
1952 1949 1953 1952 1956 1955 1949 1949 1947 1944 1948 1946 1950 1953 1950 1948 1950 1948 1951 1948 1945 1952 1947 1942 1963 1882 1738 1679 1643 1631 1633 1622 1630 1640 1633 1647 1672 1718 1886 1960 1959 1942 1950 1946 1945 1947 1946 1950 1950 1947 1950 1949 1943 1952 1953 1949 1954 1949 1952
1961 1956 1953 1943 1956 1960 1946 1951 1949 1954 1951 1948 1951 1947 1958 1947 1944 1947 1944 1946 1945 1944 1952 1945 1934 1855 1731 1664 1633 1632 1634 1637 1625 1640 1626 1640 1652 1741 1871 1945 1950 1946 1950 1942 1942 1942 1942 1946 1943 1951 1948 1948 1952 1944 1948 1946 1948 1949 1949
1948 1960 1955 1948 1945 1955 1945 1952 1954 1945 1946 1950 1955 1938 1955 1944 1954 1939 1953 1943 1942 1948 1951 1944 1884 1756 1700 1657 1627 1627 1637 1633 1634 1646 1641 1634 1660 1724 1842 1938 1954 1943 1948 1941 1946 1947 1947 1951 1946 1951 1950 1948 1952 1949 1944 1942 1942 1945 1955
1950 1957 1950 1954 1956 1948 1952 1949 1942 1949 1945 1948 1957 1957 1957 1947 1947 1951 1949 1945 1950 1953 1948 1954 1915 1778 1705 1655 1626 1631 1636 1642 1636 1641 1643 1634 1652 1722 1858 1940 1946 1940 1936 1946 1948 1945 1943 1951 1937 1946 1949 1942 1949 1945 1954 1941 1948 1953 1947
1944 1959 1955 1947 1950 1956 1953 1946 1956 1940 1959 1951 1954 1953 1951 1950 1946 1951 1952 1950 1951 1951 1942 1945 1934 1798 1724 1653 1627 1634 1637 1628 1628 1645 1631 1644 1654 1750 1900 1958 1941 1948 1943 1946 1940 1952 1947 1950 1949 1941 1949 1945 1954 1949 1942 1941 1942 1952 1950
1953 1947 1951 1954 1954 1954 1948 1955 1948 1947 1951 1955 1958 1947 1955 1945 1957 1949 1948 1948 1949 1959 1947 1950 1944 1847 1739 1658 1626 1625 1644 1631 1624 1644 1643 1646 1664 1771 1936 1956 1947 1946 1939 1951 1946 1944 1945 1952 1953 1952 1939 1948 1945 1953 1951 1952 1956 1948 1964
1951 1947 1955 1951 1944 1946 1948 1946 1946 1948 1948 1958 1947 1942 1955 1945 1947 1944 1944 1946 1946 1947 1952 1934 1949 1924 1815 1675 1634 1639 1641 1631 1630 1646 1642 1652 1677 1812 1945 1949 1945 1941 1947 1950 1940 1955 1949 1947 1944 1949 1951 1949 1946 1952 1949 1946 1949 1954 1952
1951 1949 1952 1961 1947 1955 1947 1952 1945 1949 1948 1955 1954 1952 1951 1951 1948 1949 1951 1948 1949 1954 1948 1941 1943 1948 1898 1717 1658 1648 1650 1638 1646 1655 1661 1670 1724 1874 1954 1948 1944 1947 1948 1945 1939 1943 1948 1947 1947 1947 1948 1944 1949 1946 1950 1945 1954 1947 1957
1952 1953 1956 1952 1945 1950 1942 1949 1945 1949 1951 1950 1959 1946 1951 1956 1944 1950 1949 1940 1943 1945 1949 1942 1941 1932 1881 1755 1683 1676 1665 1649 1666 1656 1682 1701 1752 1832 1910 1942 1943 1938 1944 1945 1943 1948 1947 1945 1947 1940 1945 1940 1949 1948 1948 1942 1952 1938 1950
1954 1950 1950 1951 1945 1953 1952 1954 1955 1952 1949 1949 1952 1946 1955 1949 1950 1948 1947 1951 1939 1956 1947 1941 1875 1786 1752 1718 1710 1688 1680 1661 1662 1690 1707 1720 1739 1735 1775 1843 1912 1950 1946 1942 1941 1944 1941 1947 1944 1947 1952 1945 1943 1952 1949 1952 1947 1948 1946
1962 1949 1949 1953 1948 1945 1938 1943 1953 1954 1957 1953 1953 1947 1957 1945 1945 1948 1946 1947 1948 1959 1935 1842 1744 1695 1699 1708 1690 1692 1696 1695 1691 1698 1710 1704 1700 1695 1702 1724 1768 1862 1931 1946 1945 1947 1941 1948 1954 1948 1951 1949 1950 1950 1951 1956 1950 1959 1951
1947 1950 1951 1957 1948 1950 1955 1954 1952 1954 1953 1946 1945 1952 1950 1947 1955 1950 1950 1953 1950 1920 1811 1726 1701 1675 1693 1688 1686 1698 1700 1703 1696 1693 1703 1698 1704 1701 1698 1698 1699 1733 1807 1912 1949 1943 1945 1948 1953 1941 1948 1950 1948 1953 1953 1959 1950 1951 1957
1955 1949 1953 1962 1947 1959 1944 1954 1956 1949 1950 1956 1953 1952 1946 1948 1963 1945 1945 1948 1921 1805 1730 1699 1687 1691 1703 1683 1680 1688 1690 1687 1683 1690 1686 1693 1688 1704 1693 1708 1701 1704 1710 1762 1883 1951 1946 1951 1946 1951 1947 1948 1950 1955 1954 1946 1951 1951 1951
1954 1952 1951 1949 1946 1952 1949 1951 1950 1953 1950 1952 1953 1944 1954 1950 1955 1945 1959 1940 1820 1728 1699 1698 1694 1696 1685 1672 1671 1678 1689 1684 1679 1682 1683 1675 1699 1705 1710 1722 1704 1702 1702 1708 1756 1871 1952 1947 1947 1945 1946 1945 1949 1949 1963 1953 1953 1956 1956
1950 1953 1946 1943 1945 1949 1943 1951 1955 1947 1949 1942 1951 1952 1946 1947 1948 1954 1943 1853 1736 1702 1701 1705 1704 1723 1696 1671 1671 1673 1685 1687 1680 1670 1671 1673 1672 1707 1751 1813 1771 1720 1716 1702 1712 1762 1896 1945 1948 1948 1951 1953 1951 1956 1953 1947 1943 1946 1947
1956 1956 1953 1948 1946 1954 1950 1954 1947 1949 1955 1947 1946 1949 1945 1944 1945 1954 1896 1760 1706 1695 1706 1730 1816 1767 1691 1658 1659 1664 1665 1675 1674 1670 1667 1666 1664 1698 1759 1906 1917 1833 1745 1727 1702 1715 1813 1943 1947 1953 1945 1946 1944 1947 1948 1954 1946 1947 1948
1953 1962 1952 1955 1954 1950 1946 1949 1954 1943 1954 1953 1954 1951 1951 1947 1944 1934 1817 1703 1698 1704 1734 1854 1921 1834 1691 1658 1659 1663 1673 1673 1667 1668 1670 1663 1661 1696 1768 1913 1946 1937 1895 1772 1710 1699 1753 1925 1962 1949 1956 1952 1948 1945 1945 1952 1949 1946 1949
1953 1954 1956 1952 1953 1945 1952 1954 1952 1963 1952 1943 1947 1955 1951 1952 1962 1910 1746 1711 1707 1731 1831 1937 1942 1833 1688 1665 1666 1667 1662 1675 1670 1663 1672 1672 1662 1684 1730 1882 1952 1953 1930 1785 1707 1699 1740 1904 1955 1958 1952 1951 1954 1948 1948 1945 1949 1958 1948
1952 1951 1951 1952 1951 1948 1951 1952 1953 1949 1949 1961 1955 1955 1947 1947 1942 1862 1718 1704 1717 1814 1927 1944 1947 1839 1703 1663 1663 1667 1665 1660 1659 1658 1670 1666 1668 1687 1727 1855 1954 1950 1939 1796 1706 1699 1734 1898 1958 1950 1957 1950 1947 1955 1946 1945 1955 1949 1951
1959 1955 1950 1949 1948 1952 1952 1952 1956 1959 1952 1955 1953 1955 1952 1951 1953 1835 1706 1701 1730 1871 1958 1950 1951 1837 1702 1661 1659 1654 1661 1654 1653 1651 1647 1653 1662 1673 1714 1825 1941 1943 1934 1794 1699 1690 1746 1913 1953 1952 1947 1958 1939 1950 1948 1950 1954 1951 1946
1942 1956 1956 1952 1947 1959 1954 1955 1963 1954 1950 1954 1966 1953 1953 1955 1948 1817 1702 1700 1729 1869 1956 1949 1946 1815 1700 1673 1665 1648 1655 1646 1657 1654 1659 1654 1656 1675 1698 1812 1934 1942 1920 1758 1692 1697 1774 1933 1960 1954 1956 1952 1951 1947 1956 1957 1955 1949 1952
1953 1960 1970 1955 1955 1953 1960 1944 1955 1949 1951 1959 1950 1950 1956 1952 1949 1820 1694 1699 1726 1870 1955 1947 1942 1822 1709 1679 1653 1649 1662 1655 1651 1658 1653 1665 1659 1678 1709 1791 1928 1949 1897 1721 1689 1684 1799 1940 1956 1957 1953 1952 1949 1942 1952 1947 1956 1950 1954
1954 1945 1951 1955 1958 1959 1958 1952 1958 1951 1953 1952 1956 1948 1963 1955 1945 1856 1703 1695 1722 1863 1945 1951 1928 1818 1692 1670 1652 1649 1658 1655 1655 1655 1654 1655 1661 1667 1705 1780 1916 1913 1779 1681 1684 1704 1865 1951 1961 1956 1947 1945 1956 1946 1950 1950 1951 1946 1959
1960 1955 1951 1960 1958 1962 1964 1947 1951 1956 1954 1958 1954 1961 1958 1958 1943 1897 1719 1696 1708 1829 1952 1956 1944 1837 1695 1669 1658 1644 1643 1652 1654 1658 1646 1652 1656 1680 1697 1751 1783 1722 1692 1671 1678 1743 1923 1947 1954 1960 1965 1957 1963 1961 1960 1956 1959 1956 1952
1962 1954 1969 1953 1966 1952 1963 1949 1958 1953 1949 1958 1959 1950 1960 1948 1958 1917 1749 1688 1705 1791 1948 1954 1938 1863 1718 1669 1661 1649 1654 1656 1648 1656 1657 1651 1662 1670 1688 1736 1700 1686 1669 1662 1691 1815 1946 1965 1958 1964 1960 1963 1961 1959 1958 1966 1956 1968 1962
1955 1954 1968 1964 1957 1961 1965 1952 1960 1962 1958 1950 1959 1953 1953 1961 1954 1947 1821 1720 1700 1737 1907 1952 1950 1882 1736 1685 1660 1652 1655 1651 1646 1647 1657 1656 1658 1675 1705 1750 1701 1672 1665 1667 1698 1873 1952 1947 1955 1957 1968 1960 1955 1959 1953 1958 1959 1961 1956
1955 1959 1955 1958 1966 1957 1959 1960 1957 1962 1965 1958 1966 1957 1948 1959 1956 1946 1833 1692 1683 1685 1766 1916 1947 1903 1760 1689 1662 1650 1652 1648 1630 1652 1669 1666 1669 1686 1726 1835 1810 1717 1686 1678 1750 1911 1948 1950 1950 1951 1951 1954 1957 1957 1958 1952 1961 1957 1964
1952 1954 1962 1952 1953 1964 1967 1964 1960 1956 1950 1956 1951 1955 1949 1958 1956 1939 1778 1680 1657 1664 1701 1789 1945 1938 1803 1709 1671 1658 1662 1657 1650 1657 1655 1665 1667 1694 1774 1908 1916 1897 1797 1748 1847 1946 1957 1958 1950 1949 1954 1961 1961 1962 1956 1964 1964 1961 1955
1961 1962 1961 1954 1962 1966 1955 1944 1961 1953 1954 1956 1956 1955 1957 1954 1952 1918 1749 1665 1654 1718 1754 1799 1921 1931 1835 1725 1677 1667 1655 1652 1656 1662 1663 1658 1670 1705 1782 1901 1939 1939 1923 1920 1944 1952 1955 1971 1951 1952 1959 1958 1960 1963 1953 1957 1961 1965 1963
1960 1954 1962 1956 1952 1961 1967 1958 1962 1968 1954 1960 1950 1960 1958 1959 1966 1940 1818 1698 1686 1737 1908 1939 1939 1928 1811 1702 1688 1668 1651 1671 1660 1659 1659 1673 1673 1695 1730 1805 1900 1942 1952 1942 1950 1961 1959 1947 1955 1955 1955 1959 1959 1960 1965 1965 1968 1966 1952
1960 1953 1960 1959 1958 1954 1948 1957 1951 1960 1958 1953 1963 1949 1955 1956 1956 1952 1931 1890 1852 1891 1936 1951 1940 1907 1765 1691 1676 1671 1666 1664 1666 1669 1663 1679 1673 1673 1689 1711 1757 1830 1911 1951 1960 1953 1954 1946 1953 1957 1959 1957 1961 1962 1966 1952 1963 1957 1962
1965 1959 1964 1955 1955 1961 1950 1958 1949 1950 1953 1955 1960 1948 1957 1952 1951 1952 1951 1955 1939 1946 1948 1951 1917 1777 1699 1662 1656 1669 1664 1670 1671 1672 1669 1666 1671 1649 1664 1659 1688 1720 1800 1905 1953 1947 1949 1959 1954 1957 1962 1962 1963 1957 1961 1954 1967 1969 1959
1962 1958 1956 1955 1950 1954 1956 1953 1957 1960 1953 1946 1957 1959 1957 1952 1950 1947 1949 1955 1954 1949 1949 1923 1792 1686 1652 1650 1645 1653 1665 1665 1667 1672 1660 1674 1667 1651 1644 1638 1648 1664 1683 1782 1911 1958 1942 1955 1946 1957 1952 1958 1956 1955 1958 1960 1965 1963 1956
1965 1957 1956 1954 1960 1954 1955 1955 1954 1958 1951 1957 1952 1958 1956 1947 1949 1960 1955 1949 1959 1942 1932 1808 1678 1653 1637 1628 1636 1652 1675 1673 1662 1662 1671 1673 1657 1639 1632 1640 1621 1627 1631 1658 1806 1952 1951 1945 1949 1952 1953 1956 1962 1957 1963 1953 1966 1965 1960
1963 1959 1955 1957 1953 1957 1948 1955 1953 1951 1967 1949 1942 1954 1951 1950 1953 1943 1942 1954 1956 1931 1849 1669 1640 1620 1608 1629 1638 1645 1655 1682 1663 1660 1676 1678 1655 1637 1634 1618 1612 1586 1596 1614 1701 1907 1951 1945 1949 1959 1951 1941 1948 1943 1953 1956 1955 1953 1963
1961 1959 1951 1958 1951 1951 1948 1955 1949 1944 1956 1940 1954 1953 1945 1945 1941 1944 1940 1938 1938 1917 1732 1612 1598 1596 1607 1619 1644 1645 1671 1682 1670 1654 1669 1670 1654 1649 1640 1617 1597 1586 1590 1607 1675 1849 1910 1907 1911 1903 1923 1909 1894 1921 1913 1952 1956 1957 1951
1959 1954 1952 1934 1934 1934 1932 1941 1930 1923 1921 1917 1920 1906 1918 1916 1915 1899 1897 1891 1878 1834 1679 1600 1586 1593 1590 1611 1649 1662 1670 1677 1672 1670 1674 1685 1667 1657 1641 1600 1588 1587 1583 1601 1671 1810 1874 1864 1866 1856 1854 1867 1856 1860 1872 1940 1953 1955 1957
1945 1964 1919 1876 1864 1885 1883 1881 1879 1871 1865 1860 1878 1872 1861 1857 1860 1851 1840 1850 1839 1822 1658 1603 1578 1585 1580 1590 1620 1658 1673 1684 1682 1692 1689 1680 1680 1672 1644 1588 1573 1580 1569 1599 1670 1771 1788 1788 1782 1786 1798 1785 1781 1800 1809 1906 1955 1958 1960
1955 1935 1880 1837 1834 1831 1819 1826 1813 1811 1806 1816 1800 1799 1792 1792 1795 1779 1768 1771 1765 1741 1667 1597 1582 1571 1574 1578 1594 1623 1645 1634 1643 1645 1636 1638 1633 1634 1600 1573 1580 1575 1584 1612 1624 1631 1633 1633 1633 1634 1626 1634 1627 1643 1645 1808 1959 1954 1952
1945 1913 1763 1712 1686 1688 1670 1662 1654 1647 1640 1642 1617 1629 1624 1616 1623 1619 1615 1614 1612 1613 1601 1601 1580 1572 1570 1566 1578 1591 1624 1633 1638 1639 1635 1637 1641 1613 1593 1575 1574 1572 1582 1603 1633 1632 1627 1621 1626 1625 1626 1617 1631 1628 1630 1736 1936 1947 1951
1938 1804 1627 1615 1623 1619 1625 1618 1626 1612 1616 1617 1621 1615 1620 1620 1619 1617 1624 1618 1631 1622 1627 1615 1587 1580 1571 1571 1566 1580 1599 1625 1637 1644 1647 1647 1636 1592 1576 1575 1572 1581 1600 1619 1629 1645 1636 1629 1622 1628 1615 1633 1620 1623 1637 1716 1927 1945 1950
1933 1753 1612 1613 1624 1621 1625 1617 1606 1619 1624 1615 1616 1628 1618 1614 1616 1615 1619 1615 1620 1623 1625 1621 1594 1577 1565 1568 1558 1561 1589 1601 1622 1625 1639 1645 1627 1585 1568 1572 1572 1576 1609 1633 1620 1636 1632 1625 1616 1623 1626 1627 1622 1620 1617 1714 1917 1957 1948
1944 1745 1609 1614 1617 1621 1618 1612 1618 1608 1609 1616 1618 1614 1609 1620 1616 1619 1612 1616 1623 1621 1631 1619 1623 1599 1572 1566 1555 1553 1569 1584 1570 1558 1611 1627 1606 1574 1567 1572 1575 1584 1613 1631 1634 1631 1622 1619 1625 1617 1624 1624 1622 1624 1624 1701 1914 1950 1951
1939 1725 1608 1613 1611 1615 1616 1611 1614 1610 1618 1608 1613 1620 1611 1612 1607 1625 1610 1616 1625 1626 1626 1628 1631 1619 1590 1574 1563 1557 1570 1570 1527 1531 1607 1624 1592 1561 1562 1559 1574 1598 1624 1624 1625 1631 1624 1611 1609 1619 1624 1617 1619 1612 1622 1690 1910 1950 1955
1928 1734 1609 1615 1616 1615 1607 1613 1612 1618 1616 1614 1612 1616 1613 1612 1609 1612 1615 1613 1620 1623 1618 1625 1620 1633 1618 1595 1573 1571 1545 1511 1508 1544 1592 1588 1565 1566 1553 1566 1588 1616 1616 1636 1629 1625 1622 1602 1618 1627 1618 1620 1618 1610 1622 1670 1914 1945 1950
1928 1724 1608 1607 1605 1605 1612 1609 1611 1610 1610 1615 1613 1602 1613 1605 1610 1611 1615 1619 1617 1609 1624 1623 1617 1628 1625 1622 1586 1574 1529 1517 1542 1565 1574 1594 1573 1551 1562 1572 1609 1628 1631 1621 1630 1623 1616 1608 1616 1612 1619 1614 1608 1606 1608 1641 1867 1933 1933
1919 1716 1601 1599 1609 1616 1620 1612 1613 1608 1612 1610 1605 1600 1610 1615 1605 1614 1609 1615 1613 1616 1620 1619 1630 1625 1623 1633 1611 1574 1536 1560 1555 1556 1546 1551 1557 1584 1586 1606 1618 1631 1616 1627 1618 1631 1620 1623 1616 1623 1617 1613 1613 1609 1611 1648 1874 1937 1948
1928 1707 1604 1606 1607 1607 1616 1612 1609 1616 1608 1617 1614 1609 1609 1603 1601 1610 1614 1613 1611 1610 1624 1626 1620 1628 1621 1624 1615 1608 1594 1591 1587 1544 1527 1534 1555 1579 1593 1619 1613 1620 1620 1616 1614 1618 1628 1627 1614 1624 1616 1616 1613 1608 1609 1639 1884 1947 1942
1928 1706 1591 1598 1612 1605 1611 1610 1609 1605 1606 1608 1607 1603 1609 1604 1608 1606 1612 1606 1610 1616 1611 1622 1615 1616 1619 1631 1618 1620 1619 1622 1615 1592 1530 1526 1535 1568 1587 1618 1626 1610 1617 1617 1614 1620 1619 1611 1621 1619 1606 1620 1614 1608 1620 1642 1879 1945 1940
1919 1706 1596 1599 1611 1603 1610 1606 1601 1609 1606 1598 1605 1598 1606 1604 1601 1607 1605 1608 1609 1611 1617 1616 1621 1618 1623 1626 1609 1616 1622 1622 1621 1614 1570 1524 1523 1553 1600 1626 1613 1614 1620 1619 1615 1613 1606 1603 1610 1609 1613 1613 1607 1609 1607 1636 1872 1943 1937
1918 1685 1610 1598 1610 1602 1602 1602 1604 1606 1609 1601 1603 1602 1598 1602 1599 1607 1609 1609 1599 1601 1600 1608 1610 1617 1613 1619 1619 1608 1612 1616 1614 1614 1606 1560 1526 1560 1597 1611 1609 1621 1617 1618 1618 1610 1617 1614 1611 1614 1602 1618 1608 1608 1613 1641 1863 1942 1942
1931 1738 1616 1599 1600 1598 1604 1598 1599 1598 1609 1605 1599 1600 1597 1593 1607 1598 1599 1602 1601 1606 1599 1615 1596 1602 1616 1621 1614 1606 1609 1618 1608 1613 1607 1606 1589 1593 1608 1617 1608 1607 1604 1607 1617 1607 1612 1612 1608 1605 1605 1606 1614 1609 1608 1630 1861 1937 1945
1934 1742 1590 1590 1592 1606 1605 1607 1597 1605 1599 1603 1598 1603 1600 1602 1603 1603 1611 1602 1608 1598 1596 1621 1615 1603 1614 1607 1610 1605 1606 1615 1611 1604 1611 1612 1603 1608 1606 1611 1613 1603 1609 1605 1609 1614 1606 1603 1605 1608 1597 1601 1614 1609 1604 1627 1856 1931 1937
1941 1767 1593 1599 1602 1596 1603 1601 1598 1602 1604 1596 1599 1602 1598 1599 1604 1604 1595 1603 1601 1603 1604 1602 1603 1605 1610 1614 1610 1608 1604 1608 1607 1608 1609 1609 1605 1602 1608 1614 1609 1607 1609 1607 1610 1611 1608 1599 1601 1608 1602 1603 1604 1597 1604 1609 1817 1908 1934
1932 1782 1592 1597 1599 1602 1601 1597 1601 1597 1608 1601 1599 1600 1593 1592 1595 1598 1592 1601 1604 1595 1598 1603 1607 1614 1605 1614 1606 1610 1608 1615 1604 1612 1611 1607 1601 1598 1613 1603 1605 1608 1605 1611 1613 1607 1612 1602 1604 1602 1605 1602 1610 1603 1603 1602 1725 1885 1892
1915 1723 1584 1601 1598 1592 1604 1602 1603 1596 1594 1603 1595 1606 1599 1591 1587 1592 1591 1596 1597 1595 1603 1605 1607 1607 1614 1610 1608 1602 1609 1604 1607 1605 1604 1609 1615 1612 1609 1612 1614 1600 1602 1604 1612 1609 1612 1604 1603 1600 1608 1595 1600 1610 1598 1602 1753 1895 1899
1877 1680 1591 1592 1596 1598 1598 1598 1598 1599 1602 1606 1598 1594 1596 1597 1604 1600 1604 1601 1601 1592 1595 1602 1599 1604 1609 1604 1610 1609 1598 1597 1598 1608 1598 1605 1601 1596 1612 1608 1605 1601 1604 1608 1601 1616 1605 1603 1598 1602 1608 1602 1606 1607 1603 1602 1739 1892 1911
1898 1702 1591 1597 1600 1595 1597 1593 1597 1598 1598 1593 1598 1600 1594 1604 1601 1601 1586 1593 1603 1594 1591 1599 1604 1599 1599 1604 1610 1600 1606 1597 1604 1601 1596 1603 1603 1602 1602 1594 1597 1605 1600 1598 1606 1607 1607 1600 1597 1607 1606 1603 1600 1606 1600 1602 1722 1891 1891
1896 1710 1585 1588 1605 1600 1594 1597 1594 1597 1604 1603 1595 1591 1597 1596 1595 1598 1598 1593 1594 1595 1598 1601 1601 1602 1600 1603 1599 1605 1602 1602 1607 1598 1600 1608 1603 1598 1606 1609 1611 1599 1599 1603 1602 1604 1597 1594 1595 1600 1597 1605 1601 1594 1593 1601 1726 1885 1904
1887 1681 1586 1598 1586 1584 1600 1594 1586 1585 1599 1593 1592 1586 1596 1604 1599 1593 1592 1595 1588 1597 1589 1602 1601 1598 1600 1603 1597 1600 1596 1597 1604 1600 1599 1596 1595 1591 1597 1599 1605 1602 1600 1598 1600 1599 1588 1599 1594 1598 1594 1597 1597 1599 1591 1591 1697 1885 1896
1880 1689 1580 1591 1592 1593 1596 1593 1597 1590 1601 1599 1594 1595 1597 1588 1596 1595 1590 1592 1599 1593 1594 1605 1596 1605 1595 1601 1599 1603 1594 1604 1591 1587 1596 1605 1598 1597 1602 1598 1595 1606 1595 1596 1596 1595 1600 1598 1601 1599 1588 1600 1591 1592 1594 1601 1682 1880 1888
1880 1672 1580 1587 1588 1594 1585 1592 1587 1596 1592 1591 1596 1591 1586 1591 1592 1600 1587 1594 1587 1584 1587 1595 1596 1597 1595 1605 1598 1597 1601 1593 1592 1603 1588 1606 1598 1594 1597 1592 1592 1602 1595 1605 1604 1597 1599 1606 1598 1588 1591 1593 1595 1593 1589 1586 1673 1858 1864
1850 1662 1586 1590 1594 1589 1594 1591 1587 1591 1587 1593 1590 1593 1587 1583 1587 1585 1587 1587 1587 1586 1594 1598 1595 1592 1595 1599 1590 1590 1597 1587 1590 1597 1594 1597 1593 1594 1590 1599 1594 1593 1591 1595 1590 1598 1601 1595 1595 1592 1596 1590 1584 1590 1577 1578 1656 1858 1860
1859 1671 1583 1587 1583 1594 1585 1584 1584 1593 1585 1586 1592 1585 1587 1588 1592 1583 1581 1589 1590 1588 1592 1595 1597 1593 1590 1588 1589 1588 1588 1595 1582 1588 1586 1590 1592 1592 1582 1588 1592 1598 1597 1597 1591 1595 1594 1584 1587 1578 1586 1586 1592 1590 1586 1586 1657 1838 1853
1836 1684 1571 1586 1591 1585 1580 1578 1580 1585 1584 1588 1588 1595 1588 1583 1586 1595 1589 1580 1584 1591 1588 1591 1589 1578 1589 1587 1584 1577 1588 1585 1586 1573 1586 1587 1586 1586 1586 1587 1595 1594 1588 1588 1593 1590 1593 1594 1587 1591 1585 1592 1586 1594 1588 1581 1660 1819 1831
1850 1684 1586 1585 1580 1584 1590 1580 1586 1588 1583 1589 1591 1588 1587 1574 1576 1592 1589 1590 1582 1580 1580 1585 1583 1578 1579 1573 1579 1582 1582 1577 1580 1580 1577 1591 1586 1584 1591 1589 1589 1584 1578 1587 1591 1592 1589 1589 1585 1581 1585 1585 1583 1593 1589 1593 1659 1816 1842
1833 1696 1574 1576 1580 1587 1576 1576 1572 1570 1584 1582 1584 1581 1576 1578 1584 1576 1580 1577 1573 1586 1586 1592 1593 1594 1588 1592 1576 1581 1584 1600 1591 1593 1580 1595 1570 1581 1581 1590 1591 1582 1586 1584 1588 1584 1589 1583 1578 1576 1583 1581 1579 1581 1578 1581 1648 1807 1806
1818 1711 1581 1574 1574 1585 1580 1583 1572 1574 1579 1570 1582 1579 1578 1568 1577 1570 1578 1583 1578 1580 1564 1587 1584 1585 1593 1582 1587 1581 1586 1591 1580 1585 1582 1576 1577 1585 1577 1583 1571 1589 1579 1588 1588 1577 1579 1577 1577 1582 1579 1577 1580 1580 1574 1579 1626 1779 1821
1792 1696 1577 1570 1580 1574 1577 1574 1573 1577 1584 1579 1573 1570 1590 1582 1578 1571 1574 1572 1577 1572 1573 1579 1591 1590 1585 1588 1595 1592 1578 1571 1575 1576 1573 1583 1575 1565 1574 1580 1578 1580 1572 1578 1571 1585 1576 1575 1577 1570 1583 1575 1577 1577 1583 1580 1623 1773 1798
1789 1679 1573 1568 1574 1576 1577 1575 1571 1570 1570 1578 1571 1580 1567 1571 1571 1574 1571 1576 1570 1576 1569 1573 1571 1570 1578 1575 1578 1570 1580 1572 1576 1572 1588 1577 1586 1578 1582 1583 1575 1570 1576 1572 1568 1567 1582 1572 1571 1580 1571 1567 1577 1570 1581 1575 1616 1758 1798
1782 1695 1585 1564 1566 1563 1571 1572 1566 1570 1574 1567 1559 1576 1571 1566 1568 1565 1573 1571 1574 1574 1580 1563 1567 1573 1567 1569 1573 1575 1565 1570 1568 1569 1564 1568 1568 1568 1559 1572 1569 1568 1570 1577 1574 1577 1561 1560 1559 1579 1566 1580 1591 1572 1582 1587 1678 1749 1769
1754 1717 1588 1582 1568 1574 1577 1566 1567 1569 1569 1571 1557 1566 1573 1566 1578 1563 1565 1569 1555 1567 1562 1568 1589 1570 1575 1561 1570 1564 1572 1587 1573 1567 1576 1581 1576 1583 1551 1563 1582 1591 1580 1581 1571 1573 1582 1586 1576 1595 1596 1589 1574 1582 1596 1604 1663 1719 1772
1736 1696 1616 1576 1573 1578 1552 1570 1559 1568 1572 1565 1570 1576 1570 1576 1578 1578 1571 1577 1567 1568 1578 1558 1575 1576 1571 1576 1578 1566 1572 1568 1561 1576 1580 1558 1563 1569 1569 1577 1566 1564 1579 1573 1567 1567 1567 1561 1564 1581 1574 1562 1563 1574 1586 1594 1641 1703 1713
1696 1662 1603 1587 1591 1572 1564 1568 1579 1572 1568 1552 1562 1562 1556 1560 1582 1567 1569 1553 1555 1562 1564 1563 1560 1568 1569 1558 1568 1562 1569 1565 1567 1561 1557 1556 1559 1562 1566 1558 1566 1572 1562 1564 1566 1565 1568 1573 1566 1556 1567 1584 1581 1604 1584 1592 1636 1702 1714
1705 1657 1597 1565 1556 1568 1569 1558 1569 1573 1558 1561 1564 1553 1559 1568 1558 1553 1567 1569 1554 1548 1554 1565 1560 1569 1562 1572 1561 1559 1567 1568 1556 1566 1556 1564 1562 1555 1564 1548 1551 1552 1559 1576 1557 1565 1569 1559 1577 1579 1573 1575 1574 1565 1581 1598 1619 1678 1693
1687 1648 1593 1569 1566 1558 1562 1558 1550 1555 1559 1545 1533 1557 1548 1553 1544 1568 1544 1550 1541 1551 1551 1545 1549 1552 1559 1540 1549 1560 1558 1568 1542 1552 1559 1552 1557 1565 1555 1550 1570 1565 1559 1544 1555 1557 1557 1542 1560 1578 1566 1574 1570 1569 1573 1582 1625 1670 1714
1689 1654 1592 1565 1568 1554 1550 1558 1553 1538 1532 1540 1541 1544 1531 1554 1545 1548 1547 1541 1543 1548 1550 1543 1549 1555 1551 1556 1542 1544 1550 1541 1540 1548 1546 1542 1558 1556 1546 1546 1565 1562 1565 1558 1561 1551 1556 1560 1565 1564 1559 1560 1558 1546 1576 1568 1606 1677 1692
