-152 -165 -180 -191 -205 -216 -229 -243 -252 -266 -277 -290 -304 -313 -327 -340 -353 -364 -376 -389 -403 -414 -425 -434 -451 -465 -474 -488 -501 -512 -523 -536 -550 -559 -573 -585 -594 -607 -620 -635 -637 -654 -660 -674 -693 -700 -715 -725 -743 -757 -767 -771 -791 -803 -815 -824 -844 -847 -868 -867 -879 -902 -915 -920 -932 -945 -953 -964 -986 -1001 -1006 -1013 -1032 -1046 -1047 -1072 -1074 -1084 -1117 -1126 -1129
-152 -168 -181 -194 -204 -217 -229 -241 -252 -265 -279 -293 -305 -314 -326 -337 -350 -367 -376 -388 -405 -413 -424 -442 -453 -465 -481 -489 -501 -514 -524 -532 -547 -560 -572 -583 -600 -608 -616 -633 -641 -655 -669 -679 -690 -699 -711 -730 -738 -747 -762 -786 -793 -805 -819 -826 -843 -854 -865 -873 -888 -894 -905 -922 -937 -942 -961 -970 -986 -1005 -1009 -1020 -1044 -1041 -1055 -1069 -1072 -1090 -1099 -1113 -1112
-152 -167 -181 -191 -206 -216 -229 -242 -255 -264 -277 -290 -304 -314 -326 -338 -353 -364 -376 -391 -404 -414 -425 -441 -450 -463 -475 -487 -500 -510 -526 -535 -550 -558 -577 -584 -599 -607 -626 -631 -641 -657 -669 -682 -693 -710 -724 -733 -747 -752 -765 -782 -789 -799 -817 -828 -838 -850 -868 -882 -884 -900 -910 -917 -935 -941 -966 -970 -978 -1000 -1005 -1020 -1023 -1045 -1053 -1078 -1095 -1110 -1108 -1113 -1120
-152 -166 -179 -194 -205 -216 -230 -241 -257 -266 -276 -290 -301 -313 -327 -338 -352 -362 -378 -389 -403 -413 -429 -440 -454 -465 -479 -490 -500 -513 -524 -540 -550 -563 -569 -582 -597 -607 -622 -637 -643 -657 -671 -678 -703 -713 -735 -736 -738 -751 -773 -776 -789 -800 -818 -828 -841 -847 -864 -879 -876 -892 -906 -923 -947 -952 -966 -975 -991 -999 -1006 -1021 -1037 -1040 -1062 -1066 -1083 -1096 -1107 -1117 -1132
-152 -168 -182 -192 -205 -218 -230 -241 -256 -266 -281 -289 -303 -316 -327 -338 -350 -367 -380 -390 -403 -414 -430 -440 -452 -464 -477 -492 -498 -510 -525 -534 -549 -555 -577 -585 -600 -608 -616 -637 -648 -656 -667 -688 -703 -846 -571 -472 -608 -801 -779 -758 -787 -801 -826 -828 -840 -853 -861 -869 -888 -902 -910 -926 -942 -945 -961 -968 -990 -998 -1005 -1023 -1032 -1045 -1064 -1071 -1078 -1086 -1108 -1110 -1129
-153 -168 -180 -192 -206 -215 -229 -242 -252 -267 -279 -293 -305 -314 -328 -339 -353 -366 -378 -392 -402 -413 -427 -442 -452 -465 -475 -487 -500 -515 -529 -534 -550 -560 -573 -585 -600 -613 -622 -637 -648 -658 -685 -906 -559 -611 -497 -494 -798 -714 -902 -674 -749 -804 -812 -826 -845 -848 -867 -880 -882 -905 -914 -922 -940 -945 -962 -975 -992 -1012 -999 -1021 -1044 -1051 -1054 -1075 -1085 -1094 -1115 -1126 -1135
-152 -168 -181 -192 -205 -218 -230 -241 -254 -266 -278 -290 -303 -315 -328 -345 -354 -367 -379 -390 -403 -416 -427 -441 -455 -462 -477 -491 -502 -514 -525 -535 -552 -561 -575 -586 -597 -613 -623 -641 -645 -634 -649 -627 -482 -672 -521 -598 -540 -503 -470 -470 -740 -765 -815 -831 -844 -856 -864 -884 -898 -899 -916 -927 -943 -945 -962 -977 -976 -1003 -1012 -1024 -1037 -1050 -1066 -1066 -1078 -1095 -1105 -1128 -1121
-155 -167 -180 -193 -205 -216 -230 -243 -254 -267 -278 -291 -301 -315 -332 -342 -354 -366 -380 -393 -403 -415 -428 -441 -451 -464 -477 -490 -501 -519 -527 -541 -550 -567 -575 -590 -601 -615 -630 -630 -663 -707 -717 -463 -523 -450 -511 -563 -584 -525 -486 -534 -629 -608 -817 -831 -846 -859 -871 -879 -893 -902 -912 -921 -941 -954 -969 -974 -993 -1007 -1014 -1019 -1034 -1049 -1068 -1084 -1090 -1096 -1109 -1117 -1145
-156 -168 -180 -193 -204 -216 -230 -241 -253 -266 -278 -292 -302 -315 -329 -344 -354 -365 -378 -393 -403 -415 -429 -441 -450 -467 -480 -492 -504 -516 -527 -540 -551 -561 -580 -591 -599 -617 -621 -679 -632 -677 -526 -490 -497 -468 -468 -484 -491 -507 -514 -538 -548 -885 -836 -827 -842 -856 -869 -876 -892 -909 -917 -928 -939 -956 -963 -975 -993 -1004 -1021 -1027 -1043 -1056 -1058 -1084 -1089 -1112 -1120 -1120 -1132
-155 -168 -180 -192 -205 -216 -228 -242 -254 -266 -279 -289 -306 -317 -332 -342 -356 -367 -379 -392 -406 -416 -430 -440 -456 -470 -479 -493 -503 -518 -529 -543 -552 -564 -577 -589 -602 -613 -630 -599 -718 -698 -478 -487 -480 -493 -491 -501 -517 -517 -522 -544 -544 -582 -637 -837 -846 -854 -870 -881 -894 -901 -918 -928 -937 -955 -966 -975 -988 -1008 -1011 -1021 -1039 -1047 -1066 -1072 -1083 -1098 -1113 -1128 -1129
-155 -169 -180 -193 -206 -218 -230 -242 -254 -267 -279 -295 -306 -319 -331 -345 -357 -367 -379 -392 -403 -418 -431 -443 -456 -468 -479 -490 -509 -515 -528 -543 -554 -563 -572 -587 -604 -591 -621 -447 -452 -463 -470 -472 -477 -490 -490 -494 -509 -526 -528 -550 -553 -597 -581 -844 -843 -856 -865 -886 -892 -909 -923 -930 -945 -954 -963 -977 -988 -1000 -1008 -1021 -1047 -1053 -1064 -1079 -1087 -1098 -1113 -1129 -1139
-155 -169 -180 -193 -205 -215 -228 -242 -254 -267 -283 -294 -306 -320 -331 -344 -355 -368 -380 -390 -407 -421 -434 -443 -459 -467 -483 -494 -505 -516 -526 -543 -554 -568 -573 -587 -602 -672 -478 -445 -450 -464 -460 -475 -475 -484 -494 -500 -500 -516 -521 -540 -549 -541 -581 -828 -849 -856 -870 -881 -899 -910 -920 -930 -944 -958 -960 -978 -989 -1000 -1015 -1028 -1044 -1054 -1056 -1077 -1096 -1111 -1113 -1120 -1124
-157 -168 -181 -193 -205 -217 -230 -242 -253 -271 -282 -294 -306 -318 -333 -344 -356 -366 -380 -396 -407 -418 -434 -441 -457 -470 -481 -492 -507 -518 -530 -541 -555 -565 -578 -587 -603 -602 -449 -453 -456 -461 -472 -473 -477 -480 -490 -501 -509 -517 -529 -537 -555 -564 -588 -823 -850 -862 -870 -879 -897 -916 -920 -932 -938 -954 -967 -978 -996 -1008 -1017 -1021 -1037 -1050 -1068 -1079 -1084 -1103 -1114 -1133 -1139
-156 -169 -181 -192 -205 -216 -230 -243 -259 -271 -282 -294 -308 -319 -331 -345 -356 -368 -384 -396 -408 -420 -432 -443 -454 -469 -481 -491 -503 -517 -530 -539 -557 -570 -582 -594 -605 -614 -439 -451 -448 -455 -462 -475 -477 -486 -494 -503 -502 -517 -532 -534 -558 -556 -561 -791 -848 -860 -871 -882 -900 -911 -918 -931 -948 -954 -967 -984 -992 -1006 -1023 -1034 -1043 -1056 -1065 -1076 -1090 -1097 -1114 -1130 -1140
-156 -168 -181 -194 -205 -218 -230 -245 -258 -270 -281 -294 -307 -319 -332 -344 -355 -370 -386 -395 -406 -419 -432 -441 -454 -468 -478 -492 -506 -515 -528 -544 -557 -569 -580 -592 -600 -473 -426 -447 -457 -456 -460 -472 -477 -481 -484 -498 -506 -521 -531 -540 -545 -551 -573 -823 -852 -857 -871 -880 -893 -904 -921 -934 -939 -963 -965 -976 -993 -1010 -1016 -1031 -1036 -1049 -1063 -1082 -1088 -1100 -1111 -1128 -1142
-156 -168 -180 -193 -204 -217 -229 -246 -257 -270 -284 -294 -308 -319 -329 -345 -359 -370 -381 -393 -409 -419 -432 -444 -456 -470 -480 -494 -507 -521 -536 -543 -558 -570 -579 -594 -585 -460 -450 -445 -455 -453 -462 -471 -481 -489 -494 -504 -512 -523 -527 -538 -550 -555 -902 -825 -848 -863 -875 -882 -895 -905 -926 -934 -947 -956 -970 -986 -993 -1008 -1021 -1029 -1038 -1055 -1060 -1081 -1088 -1105 -1119 -1130 -1143
-156 -168 -181 -193 -206 -218 -232 -246 -257 -270 -282 -295 -306 -319 -331 -347 -356 -374 -384 -397 -410 -420 -430 -443 -457 -470 -484 -499 -509 -518 -532 -544 -556 -570 -579 -589 -572 -452 -444 -439 -449 -463 -465 -470 -476 -489 -492 -502 -513 -520 -529 -537 -546 -581 -872 -841 -848 -858 -869 -884 -898 -912 -923 -941 -948 -964 -971 -991 -990 -1008 -1018 -1034 -1048 -1058 -1068 -1080 -1087 -1104 -1122 -1126 -1136
-156 -169 -181 -193 -206 -221 -233 -244 -258 -271 -283 -294 -307 -319 -335 -348 -358 -371 -384 -395 -409 -419 -431 -446 -459 -472 -485 -495 -509 -523 -533 -548 -555 -570 -580 -592 -452 -437 -440 -455 -452 -463 -464 -483 -481 -491 -496 -502 -521 -529 -527 -538 -544 -544 -660 -836 -850 -861 -874 -891 -902 -914 -928 -935 -939 -958 -971 -986 -990 -1009 -1020 -1034 -1037 -1054 -1067 -1080 -1094 -1107 -1114 -1128 -1140
-156 -168 -181 -193 -206 -220 -233 -245 -257 -269 -281 -294 -307 -322 -336 -348 -360 -371 -384 -395 -408 -422 -433 -448 -461 -471 -485 -495 -506 -522 -535 -544 -555 -570 -581 -554 -440 -462 -444 -446 -457 -461 -468 -476 -486 -495 -503 -507 -511 -521 -534 -545 -558 -554 -650 -843 -853 -862 -875 -885 -894 -915 -931 -933 -952 -957 -976 -980 -994 -1010 -1020 -1037 -1044 -1059 -1070 -1084 -1091 -1112 -1116 -1123 -1143
-156 -169 -182 -193 -209 -220 -232 -246 -259 -271 -283 -295 -308 -324 -334 -348 -360 -372 -383 -395 -408 -421 -434 -449 -458 -474 -484 -497 -506 -522 -531 -545 -559 -572 -586 -563 -443 -455 -444 -446 -455 -459 -467 -479 -485 -484 -495 -506 -513 -521 -535 -541 -554 -574 -784 -840 -853 -867 -875 -888 -898 -912 -925 -932 -945 -962 -972 -984 -994 -1013 -1024 -1031 -1051 -1060 -1066 -1091 -1096 -1098 -1119 -1133 -1150
-156 -169 -181 -193 -208 -222 -233 -247 -258 -270 -281 -295 -310 -323 -335 -346 -359 -372 -383 -396 -412 -423 -437 -448 -458 -474 -485 -495 -508 -521 -534 -544 -559 -576 -587 -567 -439 -437 -439 -451 -450 -462 -466 -476 -484 -492 -499 -515 -510 -524 -536 -537 -556 -577 -697 -842 -856 -863 -873 -892 -899 -915 -925 -936 -953 -965 -972 -987 -1001 -1008 -1024 -1031 -1048 -1059 -1075 -1089 -1098 -1103 -1116 -1136 -1144
-156 -168 -181 -195 -209 -221 -234 -247 -258 -271 -283 -298 -312 -324 -337 -349 -360 -372 -384 -400 -411 -423 -436 -448 -459 -473 -486 -497 -510 -522 -538 -553 -562 -574 -584 -559 -445 -457 -451 -451 -454 -460 -470 -483 -487 -483 -495 -506 -517 -528 -533 -543 -561 -599 -742 -842 -852 -867 -876 -892 -903 -909 -922 -946 -951 -967 -974 -983 -999 -1009 -1022 -1035 -1043 -1054 -1075 -1084 -1097 -1110 -1122 -1132 -1156
-156 -169 -181 -196 -209 -222 -235 -246 -258 -271 -284 -299 -310 -323 -337 -348 -361 -371 -389 -401 -412 -423 -435 -447 -462 -474 -487 -497 -513 -526 -537 -548 -561 -573 -581 -587 -441 -455 -450 -454 -461 -465 -469 -477 -483 -493 -491 -502 -512 -526 -535 -545 -567 -594 -778 -841 -855 -864 -879 -889 -903 -915 -930 -938 -947 -965 -975 -989 -1001 -1017 -1028 -1038 -1051 -1069 -1072 -1088 -1100 -1111 -1127 -1125 -1154
-156 -169 -181 -196 -210 -221 -235 -248 -259 -271 -286 -298 -311 -323 -335 -351 -359 -372 -389 -400 -412 -424 -435 -448 -462 -470 -485 -500 -511 -524 -534 -550 -562 -571 -587 -589 -466 -455 -452 -456 -459 -463 -469 -473 -483 -496 -500 -504 -519 -525 -542 -551 -572 -611 -820 -845 -858 -871 -880 -891 -908 -920 -925 -941 -956 -963 -975 -989 -1001 -1009 -1020 -1032 -1053 -1059 -1072 -1085 -1104 -1112 -1126 -1129 -1150
-157 -169 -181 -197 -209 -223 -235 -247 -258 -271 -287 -299 -312 -322 -335 -348 -360 -377 -386 -399 -413 -426 -436 -451 -460 -476 -486 -501 -512 -524 -536 -547 -561 -575 -586 -597 -609 -613 -450 -456 -455 -468 -467 -477 -489 -494 -503 -513 -518 -530 -537 -544 -590 -808 -834 -844 -857 -862 -880 -891 -909 -915 -928 -940 -948 -963 -977 -986 -1001 -1014 -1026 -1040 -1051 -1062 -1075 -1090 -1099 -1107 -1124 -1138 -1152
-156 -169 -185 -198 -210 -221 -234 -247 -259 -272 -286 -300 -311 -323 -336 -349 -364 -374 -389 -402 -411 -427 -438 -451 -463 -478 -490 -498 -512 -526 -538 -549 -564 -574 -587 -599 -614 -606 -447 -455 -457 -464 -469 -476 -486 -496 -500 -510 -518 -528 -544 -549 -797 -825 -839 -842 -858 -866 -884 -895 -907 -919 -935 -939 -951 -962 -980 -986 -1005 -1015 -1021 -1044 -1055 -1066 -1073 -1089 -1099 -1111 -1124 -1141 -1154
-156 -170 -184 -197 -209 -222 -233 -247 -259 -275 -288 -299 -311 -323 -337 -347 -362 -375 -389 -401 -412 -426 -437 -453 -465 -478 -491 -503 -514 -527 -535 -551 -565 -579 -586 -602 -611 -626 -454 -459 -454 -463 -471 -487 -485 -492 -508 -516 -532 -533 -540 -552 -798 -818 -836 -846 -856 -873 -881 -899 -908 -917 -933 -939 -951 -973 -979 -994 -1005 -1013 -1031 -1041 -1056 -1067 -1071 -1086 -1102 -1113 -1123 -1134 -1149
-157 -169 -185 -197 -210 -221 -235 -247 -263 -275 -287 -301 -313 -323 -337 -353 -363 -376 -389 -401 -412 -427 -441 -453 -464 -480 -490 -501 -514 -528 -539 -553 -563 -574 -590 -605 -612 -619 -459 -450 -467 -468 -477 -485 -488 -493 -507 -512 -528 -530 -545 -568 -807 -820 -830 -844 -860 -867 -880 -895 -909 -928 -935 -942 -961 -969 -984 -992 -1007 -1015 -1032 -1042 -1059 -1068 -1082 -1090 -1101 -1109 -1124 -1141 -1152
-157 -169 -185 -198 -209 -220 -235 -247 -262 -277 -288 -298 -313 -324 -340 -351 -363 -378 -389 -400 -410 -428 -441 -453 -465 -478 -489 -502 -512 -530 -538 -553 -564 -581 -589 -602 -617 -627 -623 -461 -465 -481 -472 -487 -492 -496 -503 -515 -527 -536 -543 -766 -804 -823 -835 -845 -864 -875 -883 -900 -914 -923 -934 -943 -964 -969 -977 -990 -1008 -1016 -1032 -1039 -1055 -1067 -1082 -1093 -1105 -1118 -1130 -1135 -1153
-158 -173 -186 -197 -209 -222 -235 -250 -262 -275 -288 -300 -312 -325 -339 -352 -364 -379 -388 -404 -415 -429 -438 -453 -464 -478 -489 -501 -517 -531 -541 -554 -565 -576 -592 -600 -615 -624 -553 -506 -485 -471 -473 -483 -488 -497 -506 -516 -526 -529 -595 -789 -812 -827 -836 -847 -862 -874 -884 -895 -909 -918 -937 -941 -956 -972 -981 -995 -1005 -1020 -1034 -1047 -1059 -1074 -1082 -1093 -1108 -1112 -1132 -1136 -1149
-157 -172 -186 -197 -210 -221 -235 -250 -262 -275 -286 -298 -312 -327 -340 -353 -364 -377 -389 -402 -416 -431 -441 -456 -467 -477 -490 -505 -519 -528 -544 -555 -567 -578 -592 -605 -620 -629 -507 -481 -475 -483 -477 -483 -491 -500 -507 -515 -521 -560 -562 -787 -814 -826 -839 -849 -862 -876 -888 -899 -913 -927 -931 -946 -957 -971 -984 -999 -1010 -1020 -1039 -1044 -1058 -1064 -1082 -1094 -1107 -1119 -1132 -1147 -1155
-157 -173 -185 -197 -210 -222 -238 -250 -263 -274 -286 -300 -316 -328 -340 -351 -365 -379 -389 -405 -417 -430 -439 -455 -465 -476 -494 -506 -514 -530 -542 -556 -567 -577 -593 -607 -621 -624 -476 -463 -485 -478 -490 -494 -499 -503 -517 -537 -542 -562 -567 -794 -814 -828 -836 -849 -862 -875 -884 -899 -909 -918 -939 -946 -964 -976 -982 -1002 -1012 -1017 -1036 -1046 -1058 -1072 -1083 -1090 -1104 -1115 -1127 -1147 -1160
-157 -173 -185 -197 -211 -222 -239 -251 -262 -275 -288 -300 -315 -328 -338 -353 -365 -376 -393 -406 -417 -429 -441 -453 -465 -483 -492 -505 -517 -530 -541 -555 -570 -581 -594 -604 -619 -631 -486 -468 -477 -485 -486 -492 -504 -518 -523 -539 -544 -547 -580 -804 -813 -830 -838 -847 -867 -872 -888 -902 -917 -925 -937 -945 -960 -975 -989 -997 -1015 -1020 -1029 -1046 -1052 -1067 -1083 -1103 -1111 -1126 -1135 -1138 -1157
-160 -172 -186 -198 -211 -224 -238 -251 -262 -276 -288 -304 -316 -330 -340 -352 -364 -382 -392 -404 -418 -430 -443 -453 -469 -482 -494 -506 -518 -530 -543 -558 -569 -582 -593 -602 -617 -620 -474 -475 -478 -484 -489 -497 -506 -510 -524 -529 -546 -550 -575 -809 -815 -831 -841 -851 -864 -882 -889 -903 -915 -927 -941 -951 -960 -979 -987 -1000 -1013 -1023 -1029 -1050 -1061 -1070 -1090 -1096 -1105 -1122 -1137 -1140 -1158
-160 -173 -185 -199 -211 -227 -238 -250 -263 -275 -287 -303 -315 -328 -341 -354 -369 -380 -393 -403 -420 -433 -444 -457 -469 -482 -493 -506 -519 -531 -544 -556 -568 -584 -592 -606 -621 -600 -464 -473 -480 -493 -489 -502 -505 -517 -523 -531 -547 -551 -571 -793 -814 -829 -840 -854 -871 -880 -891 -903 -917 -923 -942 -956 -963 -973 -985 -999 -1012 -1026 -1038 -1050 -1065 -1070 -1087 -1096 -1117 -1119 -1135 -1151 -1160
-161 -173 -185 -197 -210 -227 -238 -251 -263 -276 -291 -303 -316 -328 -340 -353 -368 -381 -393 -405 -416 -431 -443 -458 -469 -482 -493 -504 -523 -534 -547 -558 -572 -580 -591 -606 -610 -469 -465 -475 -480 -488 -496 -501 -509 -515 -519 -536 -540 -553 -570 -738 -808 -828 -845 -849 -869 -881 -885 -907 -918 -926 -938 -954 -962 -980 -990 -1004 -1014 -1026 -1039 -1046 -1064 -1072 -1084 -1091 -1112 -1122 -1136 -1149 -1167
-160 -173 -186 -199 -210 -225 -239 -251 -264 -276 -291 -302 -316 -328 -341 -356 -369 -381 -395 -406 -420 -431 -446 -458 -469 -483 -494 -507 -524 -533 -545 -560 -568 -578 -591 -593 -472 -463 -457 -475 -484 -485 -494 -500 -507 -510 -526 -542 -547 -558 -575 -586 -628 -802 -842 -857 -866 -881 -895 -902 -916 -938 -941 -956 -970 -981 -993 -1001 -1015 -1030 -1044 -1051 -1061 -1080 -1085 -1093 -1109 -1121 -1142 -1149 -1158
-160 -172 -186 -198 -214 -226 -238 -251 -263 -280 -291 -304 -317 -330 -344 -357 -369 -381 -394 -407 -420 -433 -444 -457 -468 -482 -493 -511 -523 -536 -546 -556 -552 -469 -448 -446 -453 -458 -467 -470 -474 -484 -490 -504 -510 -514 -525 -543 -551 -562 -567 -581 -596 -607 -669 -845 -868 -881 -895 -907 -914 -927 -940 -956 -961 -977 -990 -1007 -1016 -1023 -1041 -1049 -1060 -1075 -1085 -1100 -1114 -1124 -1143 -1149 -1163
-160 -174 -187 -198 -215 -226 -240 -251 -263 -278 -291 -305 -317 -330 -344 -357 -369 -381 -394 -405 -422 -435 -446 -461 -472 -484 -498 -510 -522 -535 -540 -528 -428 -429 -439 -447 -450 -455 -464 -470 -480 -487 -493 -503 -509 -516 -528 -534 -544 -560 -574 -581 -588 -600 -607 -651 -850 -890 -893 -907 -917 -929 -942 -961 -969 -980 -993 -1001 -1020 -1024 -1042 -1055 -1067 -1080 -1093 -1108 -1117 -1122 -1139 -1149 -1167
-160 -174 -186 -198 -214 -226 -238 -251 -264 -279 -291 -305 -317 -332 -345 -358 -367 -383 -395 -409 -421 -438 -446 -459 -471 -489 -498 -507 -518 -530 -461 -413 -418 -425 -431 -442 -451 -458 -464 -471 -482 -489 -499 -502 -511 -523 -529 -538 -548 -555 -564 -583 -585 -600 -606 -631 -635 -680 -874 -908 -921 -931 -946 -960 -968 -977 -987 -1007 -1021 -1026 -1043 -1061 -1066 -1082 -1090 -1102 -1110 -1122 -1136 -1155 -1163
-162 -173 -186 -201 -214 -226 -238 -253 -267 -280 -291 -304 -317 -332 -344 -358 -367 -381 -396 -408 -421 -435 -447 -458 -475 -483 -498 -508 -494 -400 -399 -415 -416 -423 -431 -438 -441 -454 -462 -473 -479 -497 -493 -502 -516 -519 -526 -542 -547 -559 -567 -580 -592 -600 -605 -623 -625 -637 -661 -690 -832 -918 -952 -951 -969 -979 -993 -1010 -1020 -1030 -1045 -1058 -1067 -1079 -1089 -1107 -1111 -1128 -1140 -1160 -1165
-161 -174 -185 -200 -214 -227 -238 -250 -268 -280 -291 -302 -320 -333 -344 -356 -369 -388 -398 -411 -424 -433 -446 -461 -473 -476 -433 -377 -383 -395 -400 -407 -415 -420 -427 -433 -443 -453 -461 -469 -478 -489 -492 -501 -510 -519 -528 -535 -546 -556 -571 -575 -587 -594 -604 -617 -627 -638 -644 -663 -676 -711 -877 -958 -968 -981 -994 -1006 -1023 -1030 -1046 -1059 -1065 -1085 -1096 -1105 -1109 -1138 -1149 -1160 -1171
-161 -174 -185 -202 -215 -225 -238 -255 -267 -279 -290 -304 -321 -332 -343 -357 -368 -385 -397 -409 -421 -433 -446 -455 -415 -355 -357 -364 -380 -387 -395 -403 -412 -419 -426 -434 -447 -455 -462 -467 -478 -485 -497 -502 -508 -521 -536 -537 -546 -555 -565 -573 -580 -589 -605 -614 -619 -634 -642 -657 -656 -675 -680 -709 -819 -969 -995 -1007 -1019 -1030 -1042 -1056 -1068 -1079 -1091 -1108 -1121 -1124 -1146 -1161 -1165
-161 -174 -186 -201 -214 -228 -238 -254 -267 -279 -292 -305 -319 -331 -347 -357 -372 -385 -398 -409 -422 -428 -403 -340 -344 -353 -360 -369 -372 -386 -395 -400 -409 -421 -432 -437 -442 -449 -457 -467 -476 -484 -492 -502 -513 -522 -528 -536 -547 -552 -565 -572 -582 -593 -595 -612 -625 -632 -644 -656 -663 -672 -683 -678 -702 -734 -903 -1012 -1019 -1029 -1044 -1064 -1068 -1081 -1094 -1105 -1122 -1133 -1142 -1158 -1174
-161 -174 -189 -202 -214 -226 -239 -255 -267 -279 -293 -308 -319 -334 -346 -358 -373 -387 -398 -410 -420 -365 -330 -335 -341 -351 -358 -368 -377 -383 -391 -398 -409 -418 -428 -434 -443 -452 -459 -465 -474 -485 -495 -503 -514 -522 -526 -538 -543 -549 -560 -571 -580 -596 -599 -607 -618 -630 -641 -650 -659 -664 -680 -684 -691 -707 -734 -957 -1023 -1036 -1054 -1056 -1074 -1084 -1101 -1104 -1119 -1137 -1146 -1154 -1167
-161 -174 -189 -202 -214 -228 -239 -254 -268 -280 -293 -308 -320 -334 -345 -360 -373 -384 -396 -410 -370 -322 -328 -335 -338 -348 -358 -367 -376 -385 -396 -403 -412 -419 -427 -435 -443 -451 -459 -469 -480 -485 -494 -501 -509 -522 -526 -536 -548 -552 -565 -573 -581 -589 -599 -611 -625 -634 -643 -651 -658 -668 -675 -681 -699 -696 -722 -740 -1012 -1037 -1043 -1060 -1070 -1089 -1090 -1107 -1122 -1129 -1145 -1151 -1165
-161 -174 -189 -203 -215 -227 -243 -256 -268 -280 -297 -308 -322 -332 -346 -361 -374 -385 -399 -403 -315 -318 -322 -332 -338 -349 -358 -367 -376 -386 -390 -400 -409 -417 -425 -432 -441 -448 -462 -469 -477 -483 -494 -500 -507 -517 -527 -535 -548 -553 -565 -574 -583 -588 -599 -611 -621 -628 -637 -649 -650 -669 -676 -686 -690 -703 -713 -730 -785 -1030 -1052 -1053 -1072 -1082 -1096 -1109 -1120 -1132 -1147 -1162 -1171
-162 -174 -190 -202 -215 -227 -242 -255 -269 -281 -296 -309 -321 -333 -349 -360 -373 -385 -399 -366 -315 -316 -324 -331 -337 -353 -360 -368 -374 -383 -393 -400 -411 -418 -426 -433 -442 -450 -457 -467 -474 -487 -490 -503 -512 -522 -525 -540 -546 -556 -567 -574 -577 -585 -599 -605 -614 -628 -636 -645 -655 -669 -679 -685 -697 -701 -714 -720 -744 -1014 -1047 -1060 -1071 -1087 -1101 -1114 -1120 -1137 -1152 -1157 -1172
-161 -174 -191 -203 -214 -228 -244 -255 -268 -280 -296 -310 -321 -334 -349 -360 -372 -387 -394 -312 -308 -313 -324 -331 -339 -348 -358 -367 -371 -385 -390 -401 -411 -414 -424 -431 -442 -451 -460 -468 -476 -480 -493 -503 -511 -520 -526 -535 -548 -549 -563 -572 -582 -587 -596 -603 -619 -630 -642 -653 -660 -664 -676 -682 -690 -704 -711 -722 -734 -796 -1046 -1061 -1077 -1090 -1097 -1113 -1124 -1132 -1143 -1169 -1174
-161 -177 -190 -203 -215 -231 -243 -255 -269 -284 -296 -310 -321 -334 -351 -362 -375 -385 -382 -304 -306 -316 -321 -335 -339 -348 -356 -364 -377 -383 -391 -400 -408 -414 -424 -432 -439 -451 -459 -468 -472 -480 -490 -502 -509 -518 -526 -536 -541 -550 -563 -569 -583 -596 -599 -606 -616 -625 -638 -645 -655 -661 -678 -684 -691 -702 -715 -721 -736 -765 -1053 -1068 -1079 -1092 -1099 -1112 -1124 -1134 -1151 -1163 -1176
-162 -178 -190 -203 -215 -230 -241 -255 -267 -284 -296 -308 -321 -337 -348 -362 -373 -384 -314 -299 -308 -312 -325 -334 -341 -349 -358 -368 -374 -383 -390 -398 -407 -417 -425 -433 -438 -448 -455 -466 -474 -485 -496 -502 -514 -520 -527 -532 -545 -554 -562 -570 -579 -588 -598 -612 -619 -628 -630 -650 -656 -663 -676 -681 -695 -700 -709 -723 -735 -757 -1047 -1056 -1072 -1086 -1106 -1119 -1126 -1138 -1147 -1163 -1179
-161 -177 -190 -203 -214 -231 -243 -256 -268 -285 -296 -310 -322 -337 -349 -361 -373 -379 -299 -301 -307 -313 -324 -332 -342 -346 -356 -367 -377 -383 -391 -396 -408 -416 -426 -433 -442 -449 -457 -469 -477 -485 -492 -501 -508 -521 -528 -535 -545 -554 -565 -575 -584 -588 -597 -608 -613 -627 -633 -646 -657 -663 -674 -686 -694 -702 -718 -724 -733 -751 -1011 -1064 -1079 -1090 -1106 -1117 -1129 -1141 -1146 -1165 -1178
-162 -178 -191 -202 -216 -231 -244 -256 -271 -284 -296 -310 -324 -337 -348 -361 -373 -364 -296 -298 -306 -317 -323 -330 -341 -349 -357 -368 -374 -381 -390 -397 -408 -416 -425 -432 -441 -449 -459 -467 -476 -483 -491 -502 -509 -518 -527 -533 -547 -553 -566 -571 -580 -592 -598 -603 -616 -624 -636 -649 -658 -670 -677 -686 -694 -699 -713 -725 -736 -754 -810 -1066 -1083 -1094 -1094 -1113 -1131 -1142 -1152 -1166 -1184
-162 -178 -190 -203 -219 -231 -244 -257 -274 -283 -297 -309 -325 -337 -349 -362 -374 -302 -295 -299 -306 -317 -324 -331 -341 -350 -359 -367 -373 -384 -389 -398 -409 -414 -421 -432 -440 -448 -456 -467 -474 -483 -491 -501 -508 -521 -525 -539 -544 -553 -564 -571 -576 -583 -600 -604 -616 -629 -642 -645 -653 -663 -679 -690 -692 -705 -718 -722 -734 -748 -786 -1067 -1082 -1096 -1105 -1122 -1133 -1148 -1161 -1162 -1177
-166 -177 -189 -203 -218 -232 -244 -258 -271 -285 -296 -309 -325 -337 -350 -359 -372 -296 -293 -297 -311 -316 -322 -332 -341 -352 -359 -368 -374 -382 -389 -398 -408 -413 -423 -431 -441 -449 -458 -467 -472 -485 -493 -496 -510 -519 -528 -540 -544 -552 -561 -572 -577 -586 -597 -605 -618 -622 -636 -642 -658 -667 -675 -685 -695 -710 -717 -726 -731 -752 -766 -1056 -1082 -1093 -1104 -1117 -1119 -1142 -1153 -1168 -1177
-166 -178 -190 -203 -218 -231 -242 -260 -272 -284 -298 -313 -326 -338 -352 -365 -347 -290 -293 -299 -308 -317 -323 -332 -343 -354 -362 -368 -374 -383 -391 -399 -406 -411 -424 -434 -442 -448 -457 -462 -471 -483 -492 -499 -512 -516 -526 -536 -547 -556 -562 -571 -579 -589 -595 -608 -620 -625 -633 -638 -656 -662 -674 -688 -696 -708 -721 -729 -738 -754 -788 -1046 -1083 -1094 -1103 -1118 -1132 -1143 -1157 -1165 -1188
-166 -177 -191 -204 -217 -231 -244 -259 -271 -284 -299 -314 -325 -337 -350 -366 -333 -286 -291 -302 -310 -322 -326 -334 -342 -353 -361 -367 -376 -383 -391 -397 -406 -414 -421 -432 -442 -447 -456 -467 -473 -486 -492 -500 -509 -516 -526 -534 -543 -552 -564 -571 -579 -587 -599 -606 -612 -627 -634 -646 -656 -664 -678 -693 -707 -709 -716 -727 -741 -752 -774 -1063 -1083 -1087 -1106 -1124 -1139 -1142 -1149 -1161 -1180
-165 -178 -190 -206 -219 -231 -245 -260 -273 -285 -301 -312 -325 -338 -353 -363 -303 -288 -293 -301 -310 -318 -325 -335 -344 -354 -361 -367 -378 -382 -393 -401 -406 -415 -423 -431 -441 -450 -454 -464 -477 -485 -493 -504 -508 -520 -525 -534 -547 -555 -559 -574 -580 -592 -597 -605 -614 -625 -633 -647 -657 -672 -679 -694 -703 -715 -724 -732 -747 -754 -773 -1058 -1083 -1100 -1106 -1119 -1135 -1145 -1149 -1167 -1184
-165 -178 -191 -206 -219 -232 -244 -260 -272 -284 -301 -313 -324 -339 -353 -364 -306 -286 -293 -304 -311 -318 -329 -338 -347 -354 -360 -370 -374 -382 -389 -398 -408 -414 -425 -433 -439 -452 -456 -469 -477 -483 -489 -501 -512 -519 -530 -537 -539 -556 -562 -573 -582 -587 -592 -608 -615 -626 -635 -647 -659 -665 -680 -693 -707 -710 -723 -734 -747 -756 -794 -1057 -1082 -1101 -1107 -1125 -1138 -1151 -1164 -1174 -1193
-166 -178 -192 -206 -218 -232 -248 -261 -272 -285 -301 -312 -325 -337 -353 -367 -299 -287 -296 -303 -311 -318 -330 -336 -344 -354 -363 -369 -378 -382 -392 -400 -410 -419 -423 -432 -438 -449 -455 -465 -476 -484 -494 -500 -508 -517 -526 -536 -550 -554 -564 -566 -580 -584 -599 -606 -616 -624 -634 -647 -663 -680 -684 -694 -708 -713 -725 -737 -750 -765 -790 -1074 -1087 -1107 -1111 -1123 -1140 -1156 -1163 -1170 -1178
-165 -178 -191 -207 -219 -231 -248 -259 -273 -286 -301 -314 -327 -340 -354 -365 -302 -290 -296 -302 -311 -321 -330 -338 -349 -355 -364 -371 -376 -384 -389 -402 -408 -417 -422 -433 -442 -449 -456 -467 -473 -482 -492 -502 -508 -519 -529 -536 -543 -551 -558 -571 -580 -585 -600 -608 -620 -625 -635 -638 -658 -670 -684 -700 -708 -719 -731 -738 -751 -763 -802 -1068 -1088 -1102 -1113 -1120 -1136 -1148 -1153 -1175 -1191
-166 -179 -190 -207 -219 -232 -248 -261 -272 -290 -301 -314 -328 -344 -352 -365 -300 -289 -298 -303 -310 -322 -333 -339 -347 -358 -367 -376 -378 -384 -392 -402 -409 -414 -422 -433 -437 -448 -455 -466 -472 -481 -491 -501 -509 -518 -528 -532 -544 -554 -562 -571 -581 -588 -598 -611 -617 -625 -637 -647 -669 -676 -695 -707 -713 -724 -733 -741 -754 -766 -801 -1066 -1088 -1108 -1114 -1127 -1138 -1152 -1157 -1182 -1186
-166 -178 -194 -207 -220 -232 -247 -261 -274 -288 -301 -312 -327 -341 -353 -360 -301 -292 -299 -304 -315 -324 -335 -340 -350 -360 -370 -375 -380 -388 -394 -403 -407 -415 -424 -432 -442 -448 -457 -464 -472 -486 -497 -500 -507 -521 -529 -534 -541 -554 -561 -569 -580 -588 -602 -607 -613 -626 -635 -657 -663 -684 -704 -705 -716 -725 -733 -743 -755 -773 -799 -1072 -1087 -1097 -1110 -1122 -1136 -1156 -1166 -1175 -1192
-166 -178 -193 -206 -219 -236 -247 -261 -272 -288 -301 -313 -330 -340 -355 -365 -299 -291 -298 -307 -315 -324 -333 -340 -352 -362 -373 -375 -379 -389 -396 -401 -409 -418 -426 -434 -442 -447 -455 -468 -475 -484 -492 -501 -509 -519 -528 -531 -547 -555 -563 -572 -576 -588 -601 -610 -616 -627 -643 -650 -672 -692 -697 -710 -715 -727 -735 -745 -758 -768 -803 -1072 -1089 -1101 -1107 -1129 -1146 -1154 -1167 -1180 -1188
-166 -178 -195 -208 -221 -235 -248 -261 -274 -288 -302 -314 -330 -341 -354 -364 -298 -291 -297 -308 -316 -323 -334 -342 -352 -362 -370 -376 -384 -387 -395 -403 -410 -419 -428 -435 -441 -448 -457 -468 -477 -487 -494 -503 -506 -519 -529 -538 -544 -550 -564 -569 -579 -591 -595 -613 -624 -631 -640 -653 -679 -698 -702 -713 -720 -729 -735 -747 -762 -766 -798 -1077 -1091 -1099 -1114 -1128 -1142 -1142 -1167 -1178 -1186
-166 -179 -194 -207 -218 -236 -249 -261 -276 -289 -301 -315 -330 -342 -356 -368 -296 -290 -299 -311 -316 -328 -335 -346 -353 -364 -369 -373 -385 -389 -395 -406 -412 -420 -428 -432 -443 -454 -457 -469 -475 -483 -493 -502 -510 -519 -529 -537 -544 -555 -560 -574 -578 -589 -597 -610 -622 -633 -647 -659 -682 -695 -705 -718 -721 -730 -737 -752 -760 -783 -815 -1071 -1089 -1107 -1113 -1132 -1147 -1154 -1165 -1175 -1193
-166 -179 -195 -207 -219 -236 -249 -261 -276 -289 -302 -318 -329 -342 -354 -364 -300 -290 -300 -309 -317 -326 -335 -349 -358 -365 -375 -379 -383 -387 -395 -404 -412 -421 -429 -436 -445 -452 -459 -466 -475 -483 -493 -503 -513 -518 -528 -539 -543 -554 -559 -572 -582 -596 -599 -615 -620 -638 -650 -655 -672 -697 -706 -714 -721 -733 -743 -751 -762 -777 -792 -1077 -1092 -1101 -1125 -1132 -1144 -1154 -1164 -1175 -1191
-165 -178 -194 -207 -220 -235 -248 -262 -276 -289 -301 -319 -331 -343 -354 -369 -294 -293 -301 -313 -319 -328 -337 -349 -359 -368 -371 -380 -384 -388 -396 -406 -414 -421 -427 -434 -442 -451 -461 -469 -475 -484 -491 -500 -510 -518 -525 -533 -545 -552 -559 -572 -585 -593 -602 -608 -625 -638 -650 -662 -683 -699 -711 -716 -728 -738 -748 -751 -765 -776 -806 -1073 -1092 -1107 -1114 -1133 -1146 -1153 -1168 -1175 -1195
-166 -178 -195 -207 -219 -236 -249 -261 -277 -290 -302 -316 -330 -343 -358 -365 -303 -292 -303 -310 -317 -328 -339 -348 -355 -366 -371 -381 -384 -391 -398 -405 -414 -418 -429 -433 -442 -454 -462 -469 -473 -485 -493 -501 -511 -516 -525 -538 -547 -556 -563 -574 -581 -594 -602 -610 -619 -641 -649 -668 -684 -707 -713 -716 -730 -738 -749 -758 -764 -771 -813 -1066 -1096 -1100 -1121 -1126 -1141 -1158 -1170 -1176 -1200
-167 -179 -195 -207 -220 -236 -249 -261 -278 -290 -303 -318 -333 -343 -358 -369 -296 -295 -301 -310 -319 -325 -340 -347 -359 -365 -375 -374 -383 -390 -401 -407 -412 -421 -430 -437 -443 -455 -460 -470 -476 -486 -493 -501 -511 -519 -526 -534 -547 -556 -561 -574 -582 -594 -603 -615 -618 -639 -649 -666 -690 -710 -716 -720 -732 -743 -747 -762 -771 -781 -814 -1083 -1090 -1104 -1109 -1132 -1147 -1150 -1173 -1191 -1195
-167 -180 -195 -207 -221 -236 -248 -262 -278 -290 -303 -318 -331 -342 -360 -367 -297 -299 -304 -312 -321 -331 -341 -350 -359 -368 -372 -380 -382 -390 -403 -406 -412 -419 -429 -439 -443 -451 -462 -471 -477 -482 -492 -502 -509 -517 -525 -535 -549 -552 -564 -573 -581 -592 -602 -613 -623 -639 -648 -667 -695 -711 -715 -727 -727 -739 -750 -758 -765 -792 -823 -1078 -1099 -1105 -1125 -1137 -1150 -1160 -1166 -1185 -1189
-166 -182 -194 -209 -222 -236 -249 -265 -277 -291 -302 -319 -330 -344 -359 -369 -297 -295 -305 -312 -321 -331 -341 -350 -357 -370 -375 -380 -383 -394 -397 -408 -413 -422 -431 -437 -445 -456 -461 -469 -480 -487 -491 -505 -510 -517 -527 -534 -543 -555 -564 -577 -585 -593 -605 -614 -627 -641 -653 -667 -698 -719 -715 -725 -736 -742 -750 -761 -773 -783 -830 -1085 -1092 -1106 -1125 -1137 -1152 -1155 -1172 -1182 -1197
-167 -182 -195 -207 -223 -237 -249 -266 -277 -290 -306 -319 -332 -344 -359 -371 -300 -298 -305 -312 -323 -332 -345 -349 -364 -369 -374 -375 -383 -395 -400 -405 -414 -424 -431 -440 -447 -453 -459 -470 -477 -484 -495 -503 -510 -521 -530 -535 -543 -555 -564 -574 -584 -595 -603 -618 -629 -640 -648 -669 -702 -711 -719 -728 -738 -750 -753 -760 -774 -784 -844 -1079 -1096 -1109 -1124 -1132 -1147 -1154 -1171 -1178 -1198
-168 -181 -195 -209 -224 -236 -248 -265 -278 -290 -307 -319 -331 -346 -359 -369 -305 -301 -305 -314 -324 -331 -344 -352 -362 -369 -371 -377 -387 -392 -400 -406 -413 -422 -431 -436 -447 -450 -463 -472 -479 -484 -496 -501 -509 -522 -533 -537 -545 -554 -564 -573 -584 -591 -603 -616 -625 -635 -647 -672 -695 -712 -722 -726 -735 -742 -755 -767 -773 -800 -866 -1086 -1098 -1115 -1126 -1138 -1147 -1154 -1167 -1191 -1205
-167 -182 -195 -207 -225 -236 -250 -265 -277 -291 -306 -320 -332 -348 -360 -369 -309 -300 -303 -314 -323 -333 -343 -354 -364 -369 -375 -377 -386 -392 -399 -407 -416 -421 -431 -437 -444 -454 -462 -470 -481 -485 -494 -502 -510 -520 -530 -534 -544 -549 -564 -572 -581 -594 -604 -618 -629 -643 -653 -676 -703 -708 -728 -732 -740 -752 -758 -764 -777 -791 -910 -1082 -1104 -1112 -1130 -1138 -1152 -1160 -1170 -1184 -1197
-167 -182 -195 -207 -224 -238 -248 -266 -279 -290 -307 -319 -331 -349 -361 -369 -307 -300 -305 -312 -325 -333 -343 -354 -362 -366 -374 -381 -390 -395 -399 -407 -418 -422 -429 -438 -444 -454 -461 -471 -480 -484 -497 -504 -511 -518 -526 -538 -544 -555 -564 -573 -585 -590 -606 -616 -629 -636 -653 -676 -708 -726 -724 -733 -743 -752 -761 -767 -778 -793 -920 -1090 -1105 -1118 -1122 -1136 -1150 -1164 -1173 -1191 -1198
-167 -183 -196 -208 -225 -237 -250 -266 -277 -293 -306 -319 -332 -348 -359 -373 -320 -300 -306 -318 -326 -334 -342 -358 -367 -370 -372 -382 -384 -393 -400 -410 -414 -423 -431 -437 -446 -456 -463 -470 -475 -488 -494 -506 -510 -522 -530 -537 -543 -554 -566 -572 -584 -593 -606 -619 -627 -643 -651 -683 -711 -714 -723 -734 -739 -749 -761 -771 -774 -799 -986 -1087 -1095 -1111 -1124 -1139 -1158 -1165 -1180 -1189 -1205
-166 -183 -196 -208 -225 -236 -249 -265 -278 -290 -307 -320 -332 -346 -360 -372 -324 -300 -310 -317 -326 -333 -343 -357 -365 -373 -375 -382 -385 -396 -400 -410 -415 -422 -431 -438 -445 -453 -460 -470 -479 -487 -496 -503 -512 -520 -526 -539 -544 -554 -569 -574 -581 -595 -606 -615 -632 -643 -649 -687 -710 -724 -732 -739 -744 -747 -763 -769 -783 -798 -1044 -1092 -1100 -1117 -1133 -1137 -1155 -1161 -1179 -1190 -1205
-166 -182 -196 -208 -224 -238 -253 -265 -278 -294 -306 -320 -330 -348 -360 -370 -328 -302 -309 -318 -324 -333 -347 -356 -365 -373 -375 -381 -387 -390 -405 -408 -416 -423 -429 -441 -449 -455 -461 -470 -480 -487 -495 -502 -510 -520 -525 -537 -546 -557 -566 -573 -587 -589 -599 -614 -630 -648 -657 -689 -699 -722 -726 -733 -750 -750 -759 -766 -778 -842 -1069 -1096 -1106 -1115 -1131 -1136 -1157 -1172 -1179 -1187 -1205
-166 -183 -196 -212 -225 -236 -254 -265 -278 -296 -307 -319 -338 -347 -360 -372 -344 -303 -313 -317 -328 -335 -346 -356 -364 -369 -380 -381 -386 -395 -404 -408 -417 -423 -431 -440 -446 -455 -461 -470 -480 -486 -496 -503 -512 -521 -530 -535 -546 -551 -564 -572 -578 -600 -610 -619 -619 -642 -652 -675 -697 -720 -728 -735 -741 -761 -766 -773 -793 -939 -1078 -1091 -1113 -1116 -1135 -1146 -1157 -1168 -1181 -1190 -1211
-167 -183 -196 -211 -225 -238 -253 -267 -278 -294 -307 -320 -336 -348 -362 -375 -368 -309 -315 -322 -328 -338 -349 -357 -364 -373 -383 -380 -385 -393 -402 -409 -414 -424 -433 -437 -447 -453 -461 -473 -478 -490 -497 -504 -509 -522 -528 -540 -544 -555 -567 -573 -586 -597 -603 -617 -632 -647 -654 -670 -686 -716 -728 -737 -742 -749 -767 -781 -800 -1042 -1080 -1093 -1105 -1122 -1128 -1141 -1158 -1171 -1178 -1194 -1201
-166 -183 -196 -212 -225 -237 -253 -266 -278 -295 -306 -319 -337 -349 -362 -379 -384 -317 -316 -321 -329 -343 -350 -356 -362 -368 -376 -382 -385 -396 -403 -408 -416 -427 -431 -439 -447 -453 -463 -471 -478 -487 -497 -504 -513 -520 -533 -540 -552 -555 -566 -579 -585 -597 -606 -620 -627 -645 -649 -671 -684 -709 -728 -734 -746 -757 -759 -794 -923 -1072 -1078 -1094 -1106 -1114 -1131 -1145 -1158 -1178 -1179 -1192 -1208
-171 -184 -196 -211 -225 -238 -253 -266 -279 -294 -309 -321 -336 -348 -361 -377 -391 -383 -321 -325 -331 -341 -350 -357 -366 -368 -378 -381 -389 -396 -401 -410 -417 -424 -434 -438 -448 -456 -465 -474 -478 -488 -495 -504 -512 -520 -529 -538 -544 -556 -564 -575 -586 -594 -605 -614 -628 -646 -652 -668 -685 -703 -730 -741 -746 -752 -776 -861 -1043 -1075 -1089 -1098 -1107 -1122 -1127 -1138 -1157 -1167 -1183 -1196 -1207
-171 -183 -196 -212 -225 -238 -255 -266 -279 -295 -309 -321 -335 -348 -363 -378 -389 -398 -347 -327 -331 -343 -347 -360 -362 -367 -376 -381 -391 -395 -403 -411 -417 -426 -433 -439 -449 -455 -466 -472 -480 -490 -495 -507 -511 -522 -530 -538 -547 -555 -568 -571 -586 -598 -606 -619 -628 -641 -657 -665 -681 -711 -730 -739 -750 -779 -825 -1042 -1060 -1070 -1082 -1094 -1103 -1123 -1137 -1142 -1162 -1175 -1188 -1196 -1210
-171 -184 -196 -212 -225 -238 -253 -267 -280 -295 -308 -322 -336 -348 -360 -376 -390 -404 -408 -334 -337 -347 -353 -359 -366 -365 -376 -384 -389 -399 -404 -408 -418 -424 -434 -438 -444 -456 -461 -473 -480 -488 -496 -506 -512 -522 -534 -540 -547 -558 -565 -580 -585 -594 -609 -620 -628 -638 -653 -669 -675 -716 -734 -744 -753 -812 -1027 -1048 -1060 -1072 -1087 -1098 -1108 -1121 -1132 -1151 -1166 -1170 -1184 -1205 -1212
-171 -185 -197 -212 -227 -238 -254 -268 -280 -295 -308 -322 -336 -350 -365 -377 -393 -407 -420 -397 -343 -349 -355 -361 -365 -367 -373 -384 -390 -396 -403 -413 -418 -426 -433 -442 -451 -457 -465 -473 -477 -487 -498 -505 -513 -522 -531 -537 -547 -560 -566 -578 -585 -598 -609 -616 -627 -644 -655 -667 -686 -719 -738 -750 -812 -1018 -1035 -1046 -1061 -1075 -1088 -1101 -1113 -1124 -1138 -1152 -1159 -1175 -1185 -1200 -1212
-172 -184 -197 -213 -226 -238 -253 -266 -282 -295 -309 -326 -335 -351 -365 -376 -390 -405 -417 -426 -376 -350 -352 -361 -366 -368 -375 -383 -389 -396 -401 -412 -416 -425 -436 -439 -451 -457 -466 -473 -477 -487 -498 -507 -516 -520 -529 -537 -553 -562 -568 -575 -589 -598 -610 -615 -631 -644 -654 -664 -693 -722 -739 -807 -1002 -1023 -1038 -1049 -1060 -1077 -1084 -1097 -1120 -1127 -1134 -1157 -1160 -1175 -1184 -1196 -1217
-171 -184 -196 -213 -225 -238 -255 -268 -282 -295 -309 -324 -336 -349 -366 -379 -391 -407 -419 -430 -440 -370 -356 -365 -364 -368 -372 -380 -389 -395 -406 -413 -420 -424 -432 -443 -450 -458 -464 -472 -479 -492 -499 -505 -515 -518 -532 -541 -548 -559 -569 -578 -584 -598 -613 -622 -629 -642 -655 -666 -699 -717 -771 -983 -1010 -1027 -1034 -1049 -1058 -1075 -1093 -1104 -1111 -1128 -1141 -1153 -1167 -1178 -1190 -1204 -1212
-172 -184 -197 -213 -225 -242 -254 -268 -283 -296 -309 -325 -337 -349 -366 -377 -389 -407 -418 -432 -446 -439 -364 -369 -359 -364 -375 -380 -387 -397 -405 -414 -421 -425 -432 -441 -450 -459 -466 -474 -478 -487 -499 -507 -515 -522 -534 -543 -549 -562 -570 -578 -588 -596 -606 -615 -629 -645 -655 -662 -689 -701 -948 -997 -1015 -1029 -1038 -1047 -1063 -1081 -1089 -1107 -1117 -1129 -1138 -1150 -1164 -1174 -1188 -1198 -1214
-171 -183 -197 -212 -225 -244 -253 -267 -283 -296 -308 -323 -337 -350 -366 -378 -390 -408 -419 -434 -446 -457 -424 -372 -363 -365 -378 -379 -387 -392 -405 -411 -420 -425 -435 -443 -451 -458 -468 -473 -484 -490 -500 -505 -515 -522 -533 -542 -553 -559 -569 -577 -588 -598 -607 -620 -624 -640 -660 -665 -669 -710 -968 -1001 -1013 -1029 -1032 -1057 -1062 -1071 -1093 -1109 -1116 -1129 -1138 -1153 -1163 -1178 -1196 -1196 -1210
-171 -184 -198 -214 -225 -242 -255 -266 -284 -296 -309 -325 -337 -349 -368 -380 -391 -406 -419 -436 -447 -457 -473 -413 -363 -363 -371 -379 -388 -394 -403 -410 -417 -427 -432 -442 -450 -460 -466 -477 -481 -491 -498 -507 -515 -524 -536 -544 -548 -559 -569 -580 -585 -598 -615 -624 -635 -645 -658 -672 -683 -694 -963 -996 -1012 -1028 -1044 -1055 -1070 -1075 -1092 -1103 -1123 -1138 -1149 -1157 -1167 -1176 -1190 -1207 -1224
-172 -184 -198 -213 -226 -242 -255 -266 -283 -297 -309 -324 -338 -350 -366 -381 -395 -408 -420 -436 -448 -460 -475 -474 -365 -371 -378 -379 -388 -394 -403 -412 -420 -427 -437 -440 -452 -459 -465 -474 -481 -492 -497 -506 -517 -525 -535 -544 -556 -561 -569 -577 -593 -599 -612 -624 -631 -644 -655 -659 -677 -706 -982 -1003 -1017 -1035 -1046 -1053 -1066 -1082 -1091 -1109 -1119 -1131 -1143 -1154 -1162 -1180 -1186 -1210 -1217
-170 -186 -197 -213 -225 -242 -255 -268 -283 -297 -308 -326 -337 -353 -367 -379 -395 -406 -419 -435 -449 -461 -475 -481 -364 -369 -376 -381 -388 -397 -402 -412 -419 -426 -436 -444 -451 -456 -466 -480 -483 -492 -501 -506 -515 -526 -536 -542 -555 -560 -571 -582 -594 -602 -611 -626 -633 -643 -650 -660 -677 -701 -981 -1004 -1018 -1030 -1045 -1054 -1062 -1080 -1099 -1110 -1121 -1126 -1142 -1149 -1169 -1186 -1198 -1206 -1215
-171 -185 -198 -213 -226 -242 -255 -269 -284 -296 -310 -324 -338 -354 -364 -379 -395 -407 -419 -437 -448 -459 -476 -481 -367 -368 -374 -384 -389 -399 -403 -411 -421 -424 -437 -443 -450 -460 -467 -477 -484 -488 -499 -509 -519 -528 -535 -542 -551 -566 -573 -583 -593 -604 -616 -622 -635 -645 -654 -665 -677 -698 -974 -1009 -1023 -1029 -1038 -1058 -1073 -1081 -1096 -1107 -1125 -1131 -1149 -1158 -1175 -1182 -1193 -1207 -1218
-172 -185 -201 -214 -226 -243 -255 -268 -284 -296 -309 -326 -338 -355 -366 -380 -396 -407 -421 -437 -451 -460 -477 -489 -486 -371 -374 -382 -386 -401 -408 -415 -420 -424 -440 -443 -449 -458 -465 -480 -482 -493 -500 -508 -518 -526 -540 -544 -555 -563 -576 -585 -596 -602 -610 -620 -632 -637 -656 -664 -679 -688 -950 -1006 -1017 -1032 -1049 -1058 -1069 -1078 -1096 -1107 -1115 -1133 -1136 -1160 -1168 -1182 -1192 -1210 -1218
-171 -185 -200 -214 -226 -243 -254 -268 -283 -297 -314 -325 -338 -354 -368 -379 -397 -407 -419 -435 -447 -463 -475 -489 -496 -387 -372 -380 -391 -399 -407 -413 -420 -427 -438 -446 -451 -461 -472 -478 -489 -494 -501 -510 -519 -532 -537 -548 -553 -566 -574 -584 -591 -604 -611 -621 -633 -644 -650 -661 -680 -693 -734 -1006 -1021 -1035 -1048 -1057 -1068 -1086 -1094 -1102 -1117 -1128 -1156 -1158 -1169 -1179 -1193 -1207 -1220
-171 -185 -201 -213 -227 -244 -257 -268 -285 -299 -313 -327 -339 -355 -369 -379 -393 -409 -420 -437 -450 -462 -477 -493 -497 -382 -376 -381 -387 -399 -405 -411 -420 -425 -435 -442 -453 -459 -472 -478 -489 -496 -504 -511 -520 -527 -538 -548 -553 -562 -576 -585 -590 -603 -612 -615 -631 -638 -650 -665 -676 -688 -746 -997 -1019 -1039 -1049 -1052 -1067 -1088 -1088 -1109 -1116 -1138 -1146 -1157 -1176 -1189 -1199 -1211 -1218
-172 -184 -201 -214 -226 -243 -257 -268 -283 -299 -313 -325 -337 -355 -365 -381 -394 -408 -420 -436 -451 -461 -477 -486 -474 -377 -376 -384 -389 -397 -401 -413 -419 -425 -437 -446 -451 -463 -471 -476 -484 -494 -500 -512 -519 -529 -536 -546 -553 -561 -576 -584 -588 -604 -608 -621 -629 -643 -653 -663 -677 -686 -734 -1004 -1029 -1029 -1045 -1063 -1072 -1085 -1099 -1109 -1117 -1136 -1146 -1162 -1170 -1186 -1194 -1207 -1224
-173 -184 -201 -214 -227 -243 -256 -269 -285 -298 -311 -325 -339 -355 -367 -379 -396 -409 -422 -435 -450 -463 -478 -488 -380 -370 -377 -380 -390 -397 -402 -412 -417 -428 -435 -445 -451 -459 -469 -478 -484 -491 -499 -514 -519 -528 -539 -541 -551 -567 -578 -585 -597 -600 -610 -622 -626 -644 -645 -663 -672 -682 -721 -1009 -1020 -1039 -1050 -1057 -1071 -1085 -1096 -1111 -1129 -1137 -1144 -1157 -1171 -1170 -1191 -1206 -1225
-172 -185 -201 -214 -227 -243 -256 -272 -285 -298 -314 -326 -338 -354 -367 -379 -397 -407 -419 -437 -449 -463 -478 -484 -368 -365 -374 -381 -387 -394 -403 -412 -420 -430 -438 -444 -452 -461 -471 -477 -486 -490 -499 -515 -521 -527 -536 -546 -556 -566 -573 -586 -596 -605 -610 -622 -629 -637 -651 -665 -669 -690 -703 -1005 -1031 -1034 -1044 -1056 -1074 -1086 -1093 -1114 -1126 -1130 -1148 -1167 -1180 -1182 -1195 -1207 -1223
-172 -185 -201 -214 -227 -243 -256 -273 -286 -299 -314 -326 -338 -354 -369 -380 -398 -409 -422 -440 -454 -463 -478 -478 -361 -364 -375 -381 -387 -396 -402 -411 -421 -428 -436 -445 -450 -461 -468 -478 -486 -494 -504 -511 -523 -534 -540 -547 -554 -566 -575 -582 -597 -605 -612 -619 -625 -644 -655 -663 -669 -687 -702 -992 -1024 -1033 -1046 -1064 -1070 -1084 -1102 -1113 -1126 -1139 -1147 -1169 -1175 -1186 -1197 -1217 -1221
-173 -189 -201 -214 -230 -244 -255 -272 -285 -297 -314 -326 -339 -356 -367 -381 -395 -408 -423 -438 -452 -462 -477 -428 -361 -361 -373 -379 -385 -397 -400 -411 -419 -432 -437 -444 -452 -462 -473 -478 -487 -496 -502 -517 -523 -529 -541 -548 -554 -569 -578 -588 -596 -603 -613 -622 -628 -643 -654 -670 -670 -688 -702 -966 -1028 -1037 -1050 -1061 -1077 -1084 -1101 -1113 -1127 -1135 -1149 -1158 -1182 -1194 -1195 -1218 -1224
-173 -188 -202 -215 -231 -243 -256 -273 -284 -297 -315 -327 -341 -356 -369 -381 -397 -411 -422 -437 -449 -461 -477 -371 -361 -365 -371 -379 -386 -398 -401 -410 -419 -428 -440 -443 -456 -463 -471 -479 -488 -495 -502 -518 -520 -530 -539 -548 -553 -568 -578 -583 -592 -603 -609 -622 -630 -640 -649 -663 -670 -690 -703 -935 -1026 -1036 -1040 -1064 -1069 -1085 -1103 -1109 -1126 -1135 -1149 -1158 -1177 -1190 -1196 -1214 -1223
-172 -189 -202 -214 -229 -243 -256 -272 -286 -297 -314 -326 -341 -357 -367 -381 -395 -408 -421 -438 -448 -460 -476 -361 -358 -366 -370 -378 -387 -394 -402 -413 -421 -426 -437 -443 -451 -462 -471 -478 -490 -496 -508 -514 -527 -533 -539 -545 -560 -563 -576 -585 -595 -604 -610 -621 -630 -637 -650 -664 -669 -689 -713 -962 -1020 -1041 -1048 -1061 -1071 -1093 -1103 -1113 -1126 -1140 -1148 -1165 -1175 -1189 -1205 -1219 -1223
-172 -189 -201 -215 -230 -244 -257 -275 -284 -297 -315 -326 -340 -356 -367 -381 -396 -411 -420 -437 -452 -462 -464 -357 -362 -365 -373 -380 -383 -396 -399 -412 -420 -430 -437 -445 -451 -463 -472 -480 -487 -494 -508 -514 -521 -531 -541 -546 -555 -567 -574 -586 -598 -604 -615 -613 -629 -645 -652 -662 -671 -690 -699 -974 -1025 -1036 -1049 -1060 -1075 -1091 -1105 -1120 -1129 -1147 -1150 -1164 -1176 -1189 -1199 -1216 -1217
-173 -186 -203 -215 -227 -244 -255 -273 -285 -298 -314 -328 -339 -356 -368 -381 -398 -412 -425 -440 -451 -462 -466 -354 -353 -363 -371 -376 -387 -395 -403 -411 -420 -432 -437 -446 -451 -468 -471 -478 -490 -497 -504 -517 -521 -530 -539 -547 -556 -570 -573 -588 -592 -601 -614 -620 -638 -643 -653 -661 -674 -694 -696 -799 -1022 -1038 -1049 -1063 -1078 -1094 -1105 -1112 -1126 -1142 -1155 -1163 -1178 -1191 -1200 -1220 -1232
-173 -186 -202 -215 -227 -244 -257 -272 -287 -299 -315 -327 -340 -356 -369 -381 -398 -409 -423 -441 -451 -463 -394 -351 -356 -365 -371 -377 -382 -395 -400 -412 -419 -432 -434 -446 -453 -462 -468 -483 -491 -496 -508 -512 -521 -535 -542 -550 -555 -568 -573 -584 -593 -601 -611 -626 -631 -640 -655 -668 -673 -687 -710 -863 -1030 -1038 -1046 -1067 -1076 -1091 -1106 -1125 -1129 -1142 -1159 -1171 -1174 -1192 -1198 -1219 -1231
-173 -185 -202 -216 -228 -245 -257 -273 -285 -299 -315 -329 -341 -357 -371 -382 -398 -410 -421 -440 -452 -465 -359 -344 -355 -364 -368 -376 -384 -396 -401 -407 -415 -427 -436 -444 -454 -466 -472 -478 -483 -497 -503 -512 -523 -532 -539 -546 -557 -567 -579 -590 -597 -609 -613 -624 -631 -643 -656 -663 -676 -678 -704 -1006 -1028 -1036 -1048 -1061 -1082 -1090 -1106 -1111 -1128 -1136 -1160 -1159 -1173 -1195 -1200 -1218 -1224
-172 -185 -202 -215 -227 -244 -257 -270 -286 -297 -314 -327 -341 -356 -368 -381 -396 -412 -425 -439 -450 -462 -341 -347 -357 -360 -365 -377 -384 -392 -401 -410 -419 -427 -435 -444 -451 -460 -473 -479 -485 -495 -508 -516 -521 -531 -542 -552 -565 -565 -579 -585 -596 -612 -611 -620 -630 -647 -653 -670 -673 -699 -708 -978 -1030 -1044 -1053 -1072 -1080 -1092 -1109 -1119 -1129 -1148 -1159 -1178 -1187 -1194 -1205 -1215 -1231
-174 -187 -203 -215 -228 -245 -259 -269 -285 -296 -315 -327 -340 -357 -371 -381 -397 -412 -424 -437 -453 -384 -338 -343 -353 -366 -369 -375 -383 -393 -404 -410 -418 -425 -435 -443 -446 -463 -472 -478 -489 -492 -503 -513 -522 -530 -541 -554 -559 -570 -575 -590 -594 -602 -615 -620 -634 -650 -646 -663 -685 -699 -706 -980 -1027 -1041 -1050 -1075 -1079 -1090 -1111 -1113 -1124 -1148 -1152 -1168 -1186 -1194 -1208 -1214 -1232
-173 -187 -202 -215 -229 -244 -257 -270 -286 -299 -315 -328 -342 -356 -369 -383 -398 -410 -422 -439 -443 -346 -336 -341 -354 -357 -365 -372 -381 -391 -400 -408 -417 -424 -436 -444 -448 -458 -471 -476 -486 -497 -505 -514 -517 -533 -539 -548 -564 -569 -578 -588 -593 -609 -615 -627 -635 -640 -657 -663 -689 -699 -736 -1002 -1035 -1039 -1053 -1074 -1077 -1096 -1111 -1117 -1126 -1145 -1162 -1165 -1181 -1183 -1202 -1224 -1230
-173 -186 -203 -215 -229 -245 -257 -269 -286 -299 -315 -329 -341 -357 -369 -381 -399 -412 -423 -441 -452 -330 -344 -344 -351 -363 -368 -377 -382 -393 -401 -405 -416 -425 -436 -442 -450 -455 -470 -477 -488 -493 -502 -515 -519 -532 -544 -548 -557 -564 -580 -589 -596 -604 -616 -621 -631 -646 -652 -670 -677 -698 -734 -1019 -1029 -1044 -1060 -1067 -1085 -1093 -1109 -1113 -1133 -1144 -1157 -1169 -1180 -1196 -1201 -1227 -1239
-174 -187 -202 -215 -228 -245 -258 -270 -287 -299 -315 -329 -340 -359 -369 -383 -398 -412 -424 -438 -441 -334 -340 -345 -350 -359 -366 -374 -381 -391 -401 -405 -418 -424 -431 -442 -453 -457 -473 -480 -485 -498 -508 -516 -521 -534 -544 -546 -556 -574 -578 -587 -598 -600 -610 -623 -629 -639 -651 -667 -681 -688 -961 -1017 -1032 -1042 -1057 -1067 -1082 -1096 -1109 -1122 -1130 -1148 -1161 -1173 -1190 -1193 -1200 -1220 -1236
-173 -187 -203 -216 -228 -245 -257 -271 -286 -299 -316 -327 -340 -355 -371 -382 -398 -414 -422 -439 -392 -336 -330 -337 -348 -355 -366 -373 -379 -389 -396 -409 -415 -424 -430 -443 -449 -457 -468 -479 -491 -498 -504 -517 -534 -541 -540 -552 -561 -567 -580 -586 -598 -609 -612 -621 -634 -645 -656 -668 -681 -705 -965 -1021 -1028 -1044 -1056 -1073 -1082 -1094 -1108 -1116 -1134 -1143 -1161 -1169 -1184 -1194 -1201 -1227 -1236
-173 -186 -203 -216 -230 -245 -258 -270 -287 -300 -315 -328 -341 -356 -369 -382 -400 -411 -425 -435 -335 -325 -340 -345 -351 -357 -361 -373 -380 -391 -397 -408 -416 -428 -433 -444 -451 -461 -469 -487 -491 -497 -503 -522 -526 -538 -544 -553 -562 -573 -591 -597 -594 -608 -615 -625 -638 -645 -659 -663 -695 -718 -1009 -1019 -1035 -1042 -1056 -1066 -1085 -1095 -1102 -1119 -1131 -1142 -1161 -1171 -1181 -1193 -1211 -1226 -1231
-173 -186 -200 -215 -229 -245 -259 -270 -288 -300 -318 -329 -342 -358 -371 -382 -402 -412 -424 -438 -323 -327 -335 -341 -346 -353 -370 -371 -380 -390 -398 -407 -414 -426 -434 -442 -447 -461 -469 -480 -493 -501 -516 -518 -539 -542 -547 -565 -566 -575 -587 -593 -598 -612 -616 -623 -638 -648 -652 -670 -682 -743 -1015 -1017 -1025 -1043 -1049 -1073 -1087 -1104 -1106 -1124 -1131 -1143 -1159 -1171 -1184 -1201 -1211 -1224 -1235
-174 -188 -200 -216 -228 -245 -258 -271 -285 -300 -318 -331 -343 -357 -371 -383 -398 -412 -425 -426 -331 -326 -335 -337 -347 -357 -366 -370 -377 -392 -396 -404 -411 -422 -433 -442 -450 -457 -468 -484 -496 -505 -518 -518 -540 -540 -546 -559 -565 -580 -590 -586 -605 -607 -621 -620 -627 -644 -656 -659 -679 -757 -1004 -1019 -1031 -1045 -1057 -1075 -1087 -1093 -1110 -1126 -1129 -1143 -1157 -1171 -1186 -1191 -1211 -1215 -1229
-174 -187 -200 -216 -230 -245 -258 -271 -287 -299 -316 -330 -343 -358 -371 -383 -399 -411 -425 -427 -312 -324 -337 -336 -347 -350 -362 -368 -380 -388 -399 -409 -411 -421 -437 -441 -455 -464 -479 -481 -495 -501 -529 -529 -532 -537 -557 -560 -570 -578 -586 -596 -604 -607 -611 -626 -637 -651 -660 -681 -702 -995 -1010 -1025 -1028 -1049 -1057 -1069 -1083 -1095 -1113 -1124 -1135 -1144 -1163 -1166 -1186 -1195 -1211 -1226 -1239
-174 -187 -200 -216 -229 -246 -258 -271 -288 -301 -315 -329 -341 -359 -372 -385 -402 -413 -427 -420 -320 -323 -333 -335 -346 -354 -361 -369 -377 -387 -395 -404 -414 -426 -431 -447 -450 -467 -479 -485 -499 -512 -526 -525 -544 -548 -555 -565 -571 -578 -590 -594 -598 -606 -613 -628 -636 -641 -661 -673 -697 -978 -1010 -1020 -1032 -1038 -1058 -1072 -1085 -1098 -1107 -1125 -1137 -1152 -1166 -1179 -1193 -1199 -1209 -1231 -1240
-174 -187 -201 -216 -229 -246 -257 -271 -287 -300 -313 -329 -343 -358 -371 -383 -401 -412 -425 -342 -322 -330 -331 -341 -351 -351 -360 -369 -382 -388 -398 -404 -416 -423 -435 -440 -453 -465 -478 -486 -502 -515 -519 -531 -548 -551 -549 -564 -573 -578 -587 -596 -603 -607 -618 -642 -638 -646 -659 -677 -719 -988 -1009 -1026 -1036 -1042 -1056 -1072 -1086 -1097 -1116 -1126 -1143 -1146 -1160 -1176 -1189 -1201 -1219 -1218 -1235
-174 -188 -199 -216 -230 -245 -260 -271 -288 -301 -313 -331 -343 -359 -371 -384 -400 -413 -428 -311 -317 -325 -330 -335 -345 -350 -361 -371 -376 -388 -399 -407 -414 -426 -440 -448 -457 -466 -477 -493 -505 -513 -524 -537 -543 -547 -557 -566 -572 -585 -592 -594 -610 -612 -618 -626 -638 -648 -663 -687 -754 -994 -1011 -1020 -1038 -1048 -1066 -1071 -1080 -1101 -1111 -1129 -1135 -1154 -1158 -1175 -1191 -1200 -1212 -1229 -1243
-174 -187 -200 -217 -229 -245 -259 -272 -287 -300 -312 -329 -344 -359 -372 -384 -399 -412 -427 -312 -314 -321 -330 -338 -344 -352 -360 -373 -378 -384 -393 -410 -413 -427 -438 -442 -453 -468 -483 -494 -517 -522 -531 -538 -548 -551 -560 -568 -569 -583 -589 -597 -609 -619 -616 -627 -637 -647 -664 -668 -770 -989 -1011 -1025 -1034 -1047 -1056 -1074 -1086 -1099 -1114 -1122 -1138 -1157 -1165 -1173 -1188 -1208 -1203 -1231 -1233
-174 -187 -200 -217 -229 -246 -260 -272 -289 -300 -313 -329 -343 -355 -373 -383 -400 -413 -426 -301 -313 -324 -326 -337 -343 -350 -361 -372 -376 -389 -395 -407 -416 -421 -432 -446 -467 -468 -491 -512 -514 -525 -525 -535 -546 -552 -560 -565 -574 -585 -592 -593 -602 -613 -622 -633 -638 -650 -666 -693 -946 -1001 -1012 -1020 -1036 -1044 -1061 -1075 -1081 -1097 -1115 -1124 -1137 -1151 -1158 -1181 -1191 -1201 -1208 -1230 -1244
-176 -187 -200 -217 -230 -247 -258 -272 -289 -301 -314 -329 -343 -357 -372 -385 -398 -414 -427 -308 -314 -319 -324 -338 -345 -352 -359 -372 -378 -390 -394 -404 -416 -427 -433 -445 -459 -473 -485 -497 -515 -517 -529 -540 -544 -554 -561 -564 -574 -582 -589 -600 -609 -612 -626 -633 -639 -654 -662 -681 -976 -1000 -1009 -1017 -1036 -1051 -1064 -1073 -1083 -1094 -1114 -1132 -1137 -1152 -1161 -1177 -1187 -1208 -1213 -1228 -1241
-174 -187 -200 -217 -230 -246 -259 -272 -288 -301 -315 -330 -343 -357 -373 -384 -397 -413 -413 -308 -312 -317 -323 -334 -344 -351 -360 -372 -379 -388 -395 -406 -414 -426 -440 -453 -463 -470 -488 -520 -751 -535 -528 -544 -549 -555 -562 -573 -572 -576 -596 -604 -606 -611 -621 -629 -639 -650 -660 -693 -976 -1001 -1016 -1019 -1041 -1049 -1066 -1080 -1091 -1105 -1112 -1123 -1146 -1153 -1163 -1173 -1185 -1203 -1216 -1227 -1241
-175 -187 -201 -217 -229 -246 -259 -271 -290 -301 -314 -330 -342 -355 -371 -385 -399 -415 -432 -305 -311 -321 -326 -332 -343 -353 -359 -373 -376 -389 -399 -405 -417 -428 -436 -453 -456 -470 -485 -697 -724 -534 -531 -544 -542 -558 -563 -572 -575 -579 -594 -596 -609 -618 -623 -623 -639 -657 -661 -715 -975 -1002 -1015 -1021 -1032 -1047 -1064 -1073 -1089 -1101 -1112 -1135 -1135 -1152 -1163 -1185 -1187 -1194 -1217 -1222 -1245
-175 -187 -202 -217 -230 -246 -260 -272 -289 -301 -315 -331 -344 -354 -373 -386 -398 -415 -296 -305 -312 -321 -327 -337 -341 -350 -358 -372 -377 -389 -394 -407 -415 -429 -440 -455 -460 -475 -684 -701 -720 -557 -532 -542 -544 -555 -560 -570 -580 -581 -597 -598 -617 -618 -628 -629 -639 -665 -689 -864 -990 -1002 -1009 -1027 -1035 -1048 -1063 -1077 -1086 -1101 -1112 -1125 -1146 -1150 -1165 -1176 -1191 -1204 -1222 -1228 -1239
-175 -187 -201 -217 -230 -243 -260 -273 -288 -301 -315 -330 -344 -357 -373 -385 -399 -412 -302 -302 -313 -318 -322 -332 -345 -349 -360 -364 -377 -388 -396 -406 -417 -428 -439 -453 -460 -488 -702 -708 -718 -568 -543 -544 -552 -554 -560 -568 -578 -588 -591 -603 -615 -613 -625 -639 -642 -655 -667 -939 -986 -997 -1017 -1021 -1043 -1048 -1064 -1073 -1091 -1097 -1113 -1125 -1141 -1151 -1169 -1177 -1183 -1209 -1218 -1223 -1245
-175 -187 -201 -218 -231 -242 -258 -272 -288 -303 -314 -331 -344 -356 -373 -386 -398 -407 -299 -304 -311 -318 -328 -333 -340 -348 -360 -367 -379 -388 -396 -407 -411 -426 -440 -453 -473 -502 -694 -710 -720 -582 -538 -541 -548 -554 -562 -572 -580 -587 -586 -601 -605 -617 -629 -633 -646 -652 -684 -964 -983 -993 -1014 -1024 -1040 -1055 -1060 -1081 -1086 -1103 -1113 -1121 -1139 -1161 -1169 -1185 -1187 -1203 -1215 -1228 -1241
-175 -187 -201 -217 -230 -243 -261 -272 -286 -302 -314 -332 -343 -356 -374 -385 -398 -448 -296 -302 -313 -317 -326 -333 -341 -352 -359 -366 -379 -389 -396 -406 -419 -428 -444 -458 -468 -660 -696 -711 -723 -593 -526 -555 -549 -553 -558 -575 -584 -587 -594 -594 -608 -615 -632 -633 -642 -656 -703 -966 -987 -1002 -1011 -1025 -1042 -1050 -1067 -1076 -1089 -1106 -1119 -1128 -1142 -1154 -1167 -1184 -1195 -1203 -1222 -1226 -1241
-175 -188 -201 -216 -230 -243 -259 -273 -287 -302 -313 -328 -344 -356 -372 -387 -399 -309 -297 -304 -309 -322 -324 -331 -341 -353 -358 -365 -376 -391 -396 -403 -420 -434 -448 -460 -478 -686 -698 -712 -728 -563 -539 -546 -545 -564 -566 -574 -582 -587 -592 -607 -614 -616 -623 -637 -649 -662 -779 -968 -989 -997 -1009 -1027 -1041 -1054 -1067 -1079 -1087 -1105 -1115 -1134 -1145 -1149 -1165 -1182 -1192 -1210 -1218 -1235 -1239
-175 -188 -202 -218 -231 -244 -260 -272 -286 -303 -315 -326 -345 -356 -372 -387 -394 -287 -296 -303 -308 -322 -325 -332 -342 -351 -358 -369 -378 -390 -399 -408 -422 -431 -444 -454 -482 -686 -698 -710 -719 -560 -538 -553 -543 -556 -562 -567 -586 -586 -599 -601 -614 -621 -628 -644 -651 -672 -880 -977 -992 -1000 -1014 -1025 -1042 -1053 -1068 -1076 -1089 -1103 -1108 -1127 -1147 -1152 -1169 -1182 -1193 -1210 -1219 -1224 -1247
-175 -188 -202 -218 -230 -243 -259 -272 -286 -301 -315 -328 -346 -358 -370 -386 -392 -294 -296 -302 -304 -318 -326 -334 -342 -350 -361 -367 -375 -392 -398 -408 -418 -424 -451 -461 -645 -682 -702 -708 -723 -556 -540 -543 -556 -556 -563 -570 -575 -584 -602 -605 -612 -622 -636 -640 -658 -670 -954 -974 -990 -993 -1014 -1022 -1042 -1055 -1067 -1080 -1088 -1105 -1118 -1131 -1142 -1152 -1162 -1184 -1198 -1211 -1223 -1225 -1239
-172 -188 -202 -218 -231 -244 -261 -273 -286 -303 -315 -328 -344 -357 -370 -386 -389 -291 -297 -304 -305 -317 -325 -332 -341 -353 -360 -369 -373 -391 -397 -406 -419 -432 -445 -465 -665 -684 -699 -711 -721 -564 -546 -548 -553 -563 -565 -574 -580 -592 -601 -609 -611 -628 -627 -637 -652 -680 -955 -980 -982 -998 -1013 -1023 -1040 -1050 -1067 -1079 -1090 -1104 -1126 -1129 -1137 -1155 -1169 -1178 -1186 -1201 -1220 -1234 -1243
-173 -188 -202 -218 -230 -243 -261 -273 -286 -302 -315 -328 -345 -359 -371 -384 -373 -289 -294 -301 -308 -313 -326 -331 -344 -345 -359 -368 -376 -388 -399 -406 -412 -433 -446 -470 -667 -680 -702 -713 -721 -548 -545 -547 -551 -553 -573 -576 -584 -584 -598 -599 -617 -626 -628 -642 -654 -1006 -964 -983 -991 -1003 -1016 -1026 -1034 -1055 -1064 -1077 -1098 -1105 -1120 -1128 -1146 -1151 -1172 -1182 -1196 -1213 -1219 -1228 -1241
-172 -189 -201 -215 -232 -244 -259 -273 -287 -303 -315 -329 -346 -357 -372 -388 -338 -290 -295 -302 -308 -317 -322 -333 -343 -348 -361 -370 -378 -384 -398 -406 -416 -435 -448 -471 -670 -683 -696 -711 -719 -545 -542 -542 -561 -558 -568 -576 -573 -593 -599 -608 -622 -625 -626 -642 -656 -921 -963 -975 -987 -999 -1015 -1028 -1042 -1055 -1071 -1081 -1090 -1097 -1112 -1127 -1142 -1155 -1165 -1181 -1193 -1203 -1216 -1231 -1249
-172 -188 -203 -215 -233 -244 -258 -275 -286 -304 -316 -330 -344 -357 -372 -380 -357 -290 -295 -300 -306 -316 -324 -330 -341 -349 -359 -370 -377 -383 -398 -406 -425 -430 -454 -663 -671 -686 -698 -715 -716 -543 -553 -552 -555 -560 -566 -577 -573 -587 -604 -610 -626 -625 -629 -641 -652 -938 -965 -974 -991 -1002 -1014 -1029 -1037 -1055 -1063 -1076 -1090 -1113 -1114 -1132 -1142 -1157 -1174 -1189 -1195 -1209 -1225 -1230 -1243
-172 -187 -202 -215 -232 -244 -257 -273 -287 -299 -316 -327 -341 -357 -370 -387 -366 -294 -299 -300 -307 -315 -323 -337 -343 -350 -360 -368 -377 -379 -401 -410 -416 -432 -455 -655 -672 -681 -694 -705 -722 -560 -541 -543 -547 -557 -569 -577 -581 -591 -600 -608 -620 -624 -634 -635 -657 -943 -965 -972 -993 -1003 -1013 -1031 -1038 -1056 -1072 -1081 -1094 -1108 -1122 -1129 -1145 -1150 -1169 -1188 -1195 -1208 -1230 -1237 -1253
-173 -189 -201 -214 -232 -245 -257 -273 -288 -300 -318 -329 -341 -358 -370 -384 -395 -297 -296 -303 -306 -313 -322 -329 -339 -348 -355 -371 -378 -391 -401 -413 -420 -442 -458 -657 -671 -684 -698 -711 -707 -543 -546 -552 -555 -559 -571 -575 -584 -595 -607 -610 -619 -628 -633 -646 -676 -948 -967 -970 -992 -1008 -1013 -1025 -1043 -1050 -1065 -1081 -1096 -1102 -1120 -1130 -1141 -1152 -1177 -1185 -1198 -1207 -1221 -1240 -1246
-172 -189 -203 -214 -231 -244 -258 -276 -287 -301 -317 -328 -342 -358 -373 -386 -402 -303 -296 -303 -308 -317 -319 -330 -341 -348 -358 -370 -378 -390 -399 -410 -425 -441 -616 -660 -674 -687 -698 -710 -716 -553 -548 -552 -558 -565 -565 -572 -585 -595 -600 -603 -616 -628 -634 -640 -823 -948 -959 -980 -990 -1009 -1016 -1031 -1044 -1059 -1068 -1076 -1095 -1102 -1121 -1131 -1145 -1158 -1171 -1180 -1198 -1216 -1226 -1248 -1243
-172 -188 -202 -216 -232 -245 -258 -274 -287 -299 -317 -329 -343 -358 -374 -384 -398 -396 -302 -296 -309 -314 -325 -336 -342 -353 -357 -368 -382 -392 -404 -423 -429 -438 -637 -657 -674 -680 -697 -710 -715 -548 -552 -548 -555 -557 -571 -579 -586 -594 -606 -615 -617 -627 -635 -649 -936 -950 -964 -972 -994 -1005 -1017 -1024 -1042 -1056 -1065 -1086 -1085 -1105 -1114 -1130 -1148 -1158 -1172 -1183 -1195 -1214 -1224 -1229 -1245
-172 -189 -202 -215 -232 -245 -257 -275 -287 -301 -316 -330 -343 -358 -372 -386 -400 -414 -295 -298 -307 -317 -325 -330 -343 -347 -355 -371 -375 -393 -401 -412 -423 -440 -646 -662 -677 -686 -700 -713 -713 -554 -549 -545 -559 -565 -572 -581 -587 -593 -599 -611 -614 -629 -631 -644 -918 -954 -960 -977 -990 -997 -1015 -1033 -1036 -1060 -1063 -1077 -1092 -1102 -1118 -1136 -1150 -1158 -1172 -1185 -1192 -1214 -1219 -1244 -1253
-172 -189 -202 -216 -232 -244 -258 -274 -288 -300 -315 -330 -344 -356 -371 -383 -394 -411 -287 -299 -311 -314 -322 -327 -339 -353 -356 -364 -379 -396 -401 -419 -427 -439 -643 -652 -673 -688 -700 -712 -720 -560 -554 -547 -557 -567 -568 -580 -586 -596 -599 -615 -618 -618 -629 -674 -934 -947 -960 -976 -988 -1001 -1013 -1029 -1045 -1055 -1067 -1082 -1095 -1107 -1115 -1128 -1146 -1163 -1171 -1186 -1195 -1210 -1216 -1234 -1245
-172 -188 -201 -215 -232 -244 -258 -275 -286 -301 -312 -329 -342 -356 -371 -384 -395 -414 -296 -300 -309 -317 -323 -330 -339 -351 -359 -367 -382 -399 -405 -414 -437 -453 -650 -657 -670 -687 -702 -710 -722 -569 -546 -547 -555 -565 -566 -585 -584 -597 -604 -608 -618 -626 -639 -775 -935 -946 -962 -981 -983 -1002 -1014 -1025 -1040 -1055 -1063 -1081 -1088 -1106 -1114 -1137 -1138 -1163 -1175 -1181 -1190 -1207 -1224 -1235 -1250
-172 -190 -203 -216 -231 -244 -257 -272 -289 -301 -314 -329 -343 -357 -372 -384 -399 -411 -299 -302 -304 -314 -322 -332 -337 -348 -363 -372 -377 -393 -408 -412 -421 -454 -649 -660 -668 -684 -704 -709 -727 -552 -538 -549 -563 -566 -574 -582 -584 -592 -602 -615 -617 -625 -640 -876 -937 -954 -966 -971 -976 -995 -1012 -1023 -1037 -1048 -1062 -1078 -1090 -1101 -1111 -1126 -1137 -1154 -1169 -1177 -1195 -1208 -1211 -1226 -1241
-172 -189 -203 -216 -230 -245 -258 -270 -287 -300 -314 -331 -344 -357 -371 -385 -397 -412 -297 -299 -309 -315 -325 -333 -339 -350 -358 -374 -384 -395 -401 -421 -438 -604 -644 -661 -674 -686 -700 -710 -721 -594 -546 -549 -560 -568 -570 -583 -584 -594 -598 -615 -617 -630 -644 -908 -930 -942 -947 -953 -970 -990 -1002 -1022 -1024 -1038 -1059 -1079 -1080 -1089 -1102 -1124 -1129 -1148 -1164 -1175 -1186 -1200 -1224 -1226 -1250
-172 -189 -203 -215 -229 -245 -259 -271 -288 -302 -314 -330 -343 -357 -370 -385 -400 -396 -294 -302 -302 -312 -323 -329 -341 -356 -359 -369 -385 -399 -407 -416 -434 -631 -645 -658 -672 -683 -698 -711 -733 -586 -545 -548 -554 -564 -573 -580 -589 -599 -600 -611 -620 -627 -704 -928 -927 -938 -966 -966 -959 -970 -986 -1011 -1014 -1031 -1045 -1053 -1073 -1091 -1097 -1112 -1120 -1125 -1168 -1165 -1171 -1185 -1213 -1219 -1214
-173 -186 -202 -216 -228 -246 -259 -271 -289 -302 -315 -333 -345 -356 -368 -384 -398 -300 -294 -305 -307 -315 -320 -331 -342 -345 -362 -375 -379 -394 -405 -422 -610 -632 -647 -658 -674 -685 -698 -714 -724 -571 -545 -554 -556 -564 -571 -582 -590 -596 -602 -607 -617 -627 -863 -927 -934 -963 -972 -940 -953 -954 -965 -982 -984 -1008 -1029 -1040 -1051 -1065 -1072 -1082 -1098 -1115 -1129 -1147 -1153 -1170 -1182 -1210 -1219
-173 -185 -203 -215 -228 -245 -258 -271 -288 -301 -314 -325 -345 -357 -370 -386 -388 -288 -298 -304 -310 -312 -322 -333 -344 -350 -361 -381 -384 -399 -405 -419 -620 -628 -642 -659 -673 -681 -701 -710 -716 -552 -539 -547 -553 -563 -572 -577 -583 -594 -598 -605 -622 -661 -878 -923 -934 -944 -942 -929 -932 -942 -957 -968 -982 -988 -1004 -1012 -1025 -1041 -1050 -1065 -1068 -1099 -1101 -1112 -1124 -1138 -1150 -1165 -1176
-172 -186 -203 -215 -229 -246 -258 -269 -287 -300 -312 -326 -342 -357 -369 -385 -374 -293 -295 -301 -309 -316 -327 -332 -342 -346 -364 -374 -388 -396 -409 -429 -617 -633 -645 -658 -672 -686 -701 -707 -691 -551 -538 -548 -554 -566 -577 -580 -581 -591 -604 -604 -619 -649 -910 -925 -932 -941 -951 -929 -932 -939 -957 -965 -978 -988 -1001 -1015 -1024 -1037 -1046 -1063 -1070 -1085 -1092 -1108 -1118 -1139 -1145 -1158 -1163
-172 -185 -201 -214 -228 -243 -258 -269 -283 -299 -313 -328 -342 -355 -369 -377 -279 -291 -298 -303 -309 -319 -324 -328 -339 -352 -362 -376 -385 -406 -413 -632 -619 -628 -643 -653 -670 -681 -700 -705 -539 -542 -541 -550 -556 -563 -565 -578 -585 -589 -604 -614 -644 -732 -905 -920 -936 -931 -952 -926 -927 -941 -952 -963 -983 -986 -998 -1010 -1026 -1036 -1049 -1065 -1071 -1082 -1096 -1099 -1119 -1129 -1139 -1155 -1163
-171 -185 -202 -214 -227 -243 -256 -271 -284 -298 -312 -325 -341 -351 -367 -376 -308 -287 -295 -300 -312 -317 -323 -331 -345 -352 -365 -374 -387 -394 -412 -578 -613 -626 -641 -652 -673 -689 -692 -686 -535 -535 -545 -547 -556 -564 -572 -578 -585 -591 -601 -627 -638 -697 -905 -916 -933 -937 -945 -925 -933 -936 -954 -971 -978 -991 -1005 -1015 -1028 -1037 -1043 -1060 -1074 -1085 -1095 -1103 -1120 -1130 -1138 -1154 -1171
-172 -184 -203 -215 -229 -241 -257 -270 -283 -299 -310 -327 -344 -353 -368 -379 -291 -287 -298 -302 -313 -313 -326 -335 -348 -353 -364 -373 -387 -399 -417 -595 -619 -628 -641 -656 -667 -685 -696 -618 -524 -533 -543 -553 -553 -570 -570 -588 -585 -604 -605 -619 -631 -668 -909 -918 -929 -936 -948 -931 -927 -943 -955 -967 -980 -989 -1001 -1013 -1023 -1034 -1050 -1063 -1069 -1083 -1096 -1103 -1114 -1129 -1142 -1157 -1162
-172 -185 -202 -214 -229 -241 -257 -269 -283 -299 -312 -325 -337 -358 -365 -378 -291 -295 -296 -301 -310 -315 -324 -337 -343 -357 -364 -369 -386 -398 -622 -595 -616 -625 -640 -654 -668 -679 -691 -557 -533 -527 -536 -552 -555 -568 -580 -584 -589 -607 -609 -614 -629 -660 -897 -905 -932 -943 -952 -926 -930 -941 -951 -959 -981 -987 -1003 -1011 -1024 -1037 -1047 -1050 -1070 -1085 -1098 -1108 -1120 -1131 -1129 -1158 -1168
-171 -185 -201 -215 -227 -242 -257 -270 -283 -301 -311 -324 -339 -355 -369 -342 -279 -283 -294 -297 -307 -317 -324 -329 -345 -355 -367 -373 -395 -399 -603 -600 -612 -628 -642 -649 -663 -682 -688 -547 -524 -530 -537 -545 -555 -565 -573 -583 -592 -605 -613 -622 -641 -653 -897 -918 -918 -941 -956 -926 -932 -942 -952 -969 -973 -986 -1002 -1014 -1017 -1032 -1045 -1056 -1064 -1085 -1092 -1103 -1115 -1133 -1136 -1145 -1172
-173 -184 -197 -214 -228 -241 -257 -272 -283 -295 -312 -324 -339 -354 -367 -357 -276 -288 -292 -298 -309 -318 -328 -334 -347 -355 -365 -373 -394 -403 -555 -596 -616 -627 -640 -652 -668 -676 -681 -539 -537 -536 -534 -550 -553 -563 -572 -581 -590 -602 -610 -622 -634 -660 -885 -928 -928 -936 -942 -930 -931 -941 -956 -964 -974 -993 -998 -1012 -1021 -1043 -1045 -1059 -1072 -1082 -1097 -1107 -1108 -1125 -1141 -1159 -1167
-169 -184 -198 -214 -230 -240 -254 -272 -284 -296 -314 -327 -336 -356 -368 -357 -278 -287 -293 -302 -308 -320 -326 -332 -342 -354 -364 -374 -381 -404 -583 -600 -611 -632 -640 -649 -674 -677 -668 -535 -531 -540 -536 -547 -559 -563 -576 -586 -594 -595 -611 -613 -631 -657 -897 -905 -931 -944 -941 -922 -927 -937 -954 -963 -975 -988 -1002 -1010 -1018 -1039 -1047 -1061 -1072 -1077 -1094 -1104 -1123 -1127 -1142 -1155 -1172
-173 -184 -198 -213 -226 -239 -258 -271 -282 -293 -314 -324 -339 -345 -367 -421 -280 -285 -293 -300 -308 -322 -329 -339 -347 -356 -366 -380 -392 -398 -550 -593 -612 -627 -630 -646 -668 -684 -610 -530 -532 -538 -537 -544 -554 -568 -575 -582 -593 -605 -617 -626 -641 -663 -877 -905 -922 -950 -938 -923 -930 -940 -948 -966 -974 -988 -994 -1018 -1021 -1037 -1047 -1061 -1071 -1087 -1097 -1105 -1115 -1138 -1144 -1151 -1166
-172 -183 -195 -212 -227 -240 -254 -267 -281 -295 -311 -325 -341 -351 -362 -294 -274 -286 -296 -299 -310 -319 -332 -340 -347 -352 -368 -372 -387 -406 -583 -597 -611 -619 -641 -643 -661 -671 -548 -524 -533 -542 -534 -548 -559 -567 -579 -585 -594 -611 -610 -617 -637 -670 -887 -927 -903 -926 -939 -918 -930 -944 -951 -964 -977 -984 -1000 -1013 -1029 -1035 -1051 -1059 -1068 -1085 -1094 -1107 -1119 -1134 -1141 -1154 -1162
-172 -183 -194 -213 -227 -237 -250 -269 -279 -294 -313 -324 -333 -349 -349 -277 -277 -283 -295 -305 -312 -317 -330 -341 -347 -358 -372 -376 -393 -395 -549 -589 -598 -624 -629 -643 -658 -664 -529 -524 -533 -538 -541 -539 -563 -573 -575 -588 -601 -610 -618 -624 -653 -869 -892 -898 -926 -925 -939 -913 -931 -942 -954 -964 -979 -989 -1005 -1013 -1019 -1038 -1044 -1065 -1069 -1083 -1093 -1107 -1125 -1128 -1137 -1154 -1168
-171 -182 -197 -213 -227 -237 -252 -266 -278 -290 -302 -318 -330 -351 -321 -273 -283 -289 -297 -306 -313 -320 -330 -337 -349 -362 -374 -387 -391 -406 -554 -583 -601 -616 -622 -638 -651 -650 -527 -527 -530 -537 -539 -546 -553 -573 -580 -590 -597 -609 -619 -626 -653 -856 -881 -898 -899 -929 -923 -921 -924 -939 -951 -964 -979 -993 -997 -1015 -1024 -1029 -1052 -1059 -1074 -1085 -1090 -1107 -1120 -1133 -1147 -1155 -1166
-168 -182 -197 -213 -222 -238 -250 -264 -278 -293 -302 -320 -330 -344 -302 -271 -281 -286 -293 -308 -316 -318 -330 -337 -353 -358 -371 -383 -394 -409 -543 -577 -605 -612 -615 -631 -653 -593 -517 -524 -529 -535 -547 -548 -551 -569 -573 -591 -603 -610 -617 -638 -665 -844 -885 -902 -893 -915 -909 -914 -926 -937 -950 -963 -976 -984 -998 -1011 -1023 -1033 -1043 -1063 -1072 -1083 -1093 -1115 -1119 -1136 -1145 -1158 -1176
-168 -182 -195 -212 -224 -236 -247 -263 -277 -289 -295 -318 -329 -339 -320 -269 -278 -287 -300 -304 -314 -321 -333 -340 -346 -362 -371 -389 -402 -411 -500 -568 -592 -603 -623 -629 -649 -577 -521 -518 -534 -541 -540 -545 -551 -565 -578 -585 -596 -609 -619 -647 -685 -854 -864 -898 -888 -899 -915 -915 -926 -934 -956 -961 -973 -984 -996 -1016 -1019 -1038 -1047 -1063 -1068 -1087 -1085 -1102 -1118 -1130 -1147 -1154 -1170
-166 -180 -193 -208 -221 -232 -247 -262 -271 -286 -299 -318 -328 -341 -329 -275 -282 -288 -297 -303 -312 -321 -331 -340 -345 -361 -369 -377 -396 -416 -479 -574 -587 -603 -618 -622 -646 -585 -513 -518 -528 -539 -552 -550 -559 -571 -574 -592 -601 -613 -622 -651 -713 -843 -851 -862 -890 -904 -912 -915 -924 -943 -952 -953 -978 -987 -1001 -1009 -1023 -1031 -1051 -1056 -1069 -1079 -1093 -1107 -1117 -1131 -1141 -1154 -1158
-165 -178 -191 -205 -220 -232 -247 -259 -269 -289 -298 -316 -326 -340 -322 -277 -282 -289 -296 -307 -313 -319 -329 -337 -352 -358 -375 -386 -397 -410 -472 -564 -588 -606 -613 -627 -635 -558 -511 -517 -536 -540 -549 -553 -552 -565 -580 -590 -600 -619 -623 -654 -737 -852 -858 -863 -881 -899 -913 -911 -922 -928 -946 -961 -964 -984 -1003 -1008 -1023 -1030 -1038 -1052 -1071 -1080 -1082 -1110 -1114 -1134 -1140 -1139 -1169
-165 -180 -190 -201 -218 -232 -241 -254 -272 -284 -296 -306 -325 -338 -330 -271 -284 -287 -296 -303 -311 -323 -332 -342 -354 -371 -373 -387 -401 -416 -439 -560 -573 -588 -610 -616 -607 -532 -505 -519 -531 -533 -550 -554 -551 -570 -574 -584 -603 -623 -629 -650 -757 -821 -844 -867 -885 -894 -883 -905 -922 -935 -951 -956 -970 -975 -996 -1007 -1011 -1026 -1043 -1055 -1066 -1074 -1081 -1098 -1119 -1116 -1129 -1153 -1149
-164 -176 -188 -202 -218 -227 -240 -255 -272 -286 -294 -307 -322 -336 -327 -279 -283 -293 -298 -303 -313 -322 -332 -340 -354 -367 -375 -390 -402 -413 -452 -559 -566 -574 -601 -614 -613 -512 -511 -518 -526 -540 -546 -554 -553 -565 -574 -597 -599 -612 -633 -649 -766 -836 -847 -852 -868 -885 -886 -901 -924 -929 -935 -957 -976 -967 -984 -998 -1012 -1025 -1033 -1045 -1066 -1072 -1101 -1105 -1102 -1117 -1138 -1160 -1149
-165 -175 -191 -200 -218 -231 -239 -254 -269 -280 -290 -306 -319 -333 -331 -283 -280 -292 -295 -305 -314 -320 -333 -343 -357 -367 -376 -398 -406 -414 -457 -540 -554 -587 -593 -612 -604 -514 -509 -516 -527 -534 -545 -557 -553 -563 -573 -589 -597 -612 -627 -659 -826 -829 -840 -843 -863 -879 -870 -891 -894 -913 -931 -948 -960 -980 -976 -982 -1006 -1025 -1039 -1038 -1054 -1069 -1078 -1102 -1116 -1114 -1129 -1147 -1151
-162 -173 -186 -200 -213 -226 -239 -253 -269 -280 -291 -305 -317 -325 -323 -279 -290 -294 -297 -304 -310 -324 -334 -349 -359 -377 -390 -392 -404 -411 -457 -547 -562 -572 -587 -604 -592 -524 -507 -512 -532 -533 -545 -558 -559 -568 -569 -582 -601 -606 -620 -708 -783 -817 -849 -842 -851 -883 -874 -891 -907 -918 -926 -953 -949 -960 -978 -983 -999 -1010 -1040 -1040 -1045 -1068 -1072 -1086 -1102 -1122 -1109 -1124 -1151
-164 -176 -185 -199 -215 -226 -240 -253 -265 -274 -288 -299 -315 -328 -314 -291 -289 -293 -297 -303 -311 -326 -337 -352 -358 -373 -392 -389 -402 -419 -473 -541 -548 -567 -584 -602 -598 -521 -502 -513 -524 -536 -541 -555 -567 -568 -575 -576 -608 -615 -631 -760 -803 -821 -834 -844 -844 -862 -875 -888 -896 -909 -936 -940 -944 -959 -989 -995 -1008 -1000 -1021 -1034 -1037 -1047 -1076 -1075 -1086 -1104 -1108 -1133 -1144
-162 -173 -184 -196 -212 -220 -234 -249 -262 -278 -291 -297 -311 -325 -315 -291 -290 -288 -299 -306 -309 -329 -344 -358 -362 -373 -378 -392 -403 -412 -481 -537 -560 -575 -584 -587 -588 -522 -507 -518 -524 -541 -546 -556 -562 -569 -576 -575 -595 -608 -671 -772 -797 -812 -826 -836 -837 -859 -881 -894 -889 -911 -921 -940 -935 -964 -982 -972 -980 -1003 -1023 -1027 -1038 -1046 -1054 -1081 -1088 -1102 -1111 -1124 -1124
-161 -173 -183 -193 -210 -223 -235 -240 -256 -277 -285 -293 -302 -320 -323 -296 -288 -296 -300 -307 -323 -329 -340 -352 -364 -370 -387 -393 -402 -421 -494 -535 -551 -561 -569 -584 -577 -510 -506 -515 -528 -534 -542 -550 -560 -576 -576 -586 -586 -630 -754 -779 -768 -782 -797 -838 -856 -855 -883 -874 -894 -887 -919 -931 -946 -936 -965 -971 -982 -993 -1019 -1030 -1029 -1045 -1075 -1073 -1082 -1082 -1109 -1117 -1129
-160 -171 -184 -192 -207 -221 -232 -246 -255 -269 -282 -290 -299 -319 -318 -301 -288 -302 -298 -309 -320 -332 -343 -352 -365 -370 -381 -392 -403 -419 -498 -535 -543 -554 -570 -594 -566 -499 -507 -513 -522 -531 -540 -551 -554 -578 -580 -588 -605 -670 -758 -768 -785 -786 -796 -811 -835 -858 -846 -868 -894 -896 -906 -927 -922 -944 -950 -963 -962 -990 -998 -1008 -1043 -1056 -1054 -1059 -1095 -1093 -1104 -1104 -1137
-155 -169 -179 -193 -203 -216 -233 -239 -256 -266 -283 -294 -304 -319 -326 -299 -291 -299 -302 -310 -322 -333 -348 -351 -359 -370 -384 -390 -404 -421 -497 -522 -530 -560 -557 -575 -539 -500 -510 -515 -522 -533 -549 -546 -558 -573 -584 -583 -605 -702 -748 -764 -762 -788 -795 -810 -826 -833 -845 -853 -875 -887 -884 -912 -928 -931 -970 -968 -967 -986 -997 -1011 -1030 -1031 -1053 -1065 -1072 -1088 -1094 -1107 -1125
-152 -170 -177 -186 -200 -217 -227 -242 -250 -262 -277 -292 -299 -314 -318 -303 -290 -296 -304 -314 -328 -327 -339 -354 -363 -371 -378 -391 -406 -429 -497 -519 -525 -545 -545 -546 -496 -497 -502 -517 -523 -534 -543 -554 -556 -564 -580 -591 -621 -722 -739 -751 -769 -761 -786 -799 -823 -811 -834 -830 -851 -887 -899 -905 -913 -932 -924 -970 -959 -959 -995 -1022 -1025 -1039 -1044 -1040 -1072 -1071 -1099 -1100 -1102
-153 -167 -178 -191 -202 -221 -224 -239 -251 -265 -274 -283 -302 -306 -318 -284 -286 -293 -300 -314 -322 -327 -337 -351 -363 -372 -382 -389 -397 -441 -491 -496 -518 -538 -533 -500 -496 -493 -506 -515 -521 -530 -542 -553 -561 -557 -581 -587 -639 -721 -727 -728 -751 -782 -785 -804 -823 -825 -826 -846 -857 -870 -873 -887 -914 -917 -926 -960 -953 -964 -991 -984 -999 -1014 -1041 -1052 -1049 -1060 -1089 -1114 -1098
-154 -163 -173 -190 -202 -211 -225 -233 -247 -260 -274 -288 -299 -285 -274 -280 -282 -289 -301 -310 -322 -330 -338 -352 -359 -371 -380 -390 -403 -457 -477 -515 -508 -543 -494 -478 -476 -494 -513 -506 -518 -531 -542 -554 -556 -570 -579 -592 -646 -717 -728 -741 -758 -743 -783 -785 -806 -834 -829 -841 -864 -883 -885 -895 -899 -913 -934 -922 -962 -958 -975 -984 -996 -1018 -1031 -1025 -1035 -1055 -1072 -1087 -1107
-150 -167 -174 -188 -198 -210 -226 -237 -248 -256 -273 -283 -276 -261 -260 -275 -285 -290 -301 -314 -322 -330 -338 -346 -361 -374 -383 -391 -410 -475 -497 -506 -506 -511 -480 -489 -485 -495 -507 -512 -522 -532 -543 -544 -563 -563 -571 -591 -664 -700 -712 -739 -752 -756 -764 -801 -796 -831 -804 -841 -849 -863 -882 -892 -902 -902 -920 -938 -944 -956 -956 -990 -1014 -1021 -1013 -1046 -1040 -1054 -1052 -1098 -1086
-147 -162 -174 -187 -198 -209 -223 -234 -243 -260 -271 -283 -256 -259 -265 -276 -280 -297 -301 -304 -321 -326 -340 -347 -360 -373 -384 -400 -439 -475 -488 -495 -509 -515 -475 -478 -488 -503 -506 -516 -518 -543 -549 -559 -563 -568 -582 -598 -645 -697 -709 -710 -739 -756 -752 -774 -791 -789 -805 -833 -835 -844 -868 -883 -906 -903 -905 -931 -951 -965 -956 -988 -995 -1007 -1052 -1051 -1033 -1042 -1093 -1084 -1090
-145 -164 -173 -183 -192 -202 -218 -230 -244 -260 -265 -273 -269 -261 -264 -276 -282 -297 -306 -313 -319 -328 -339 -348 -357 -372 -382 -395 -443 -466 -485 -490 -506 -499 -482 -479 -485 -505 -503 -524 -527 -533 -548 -551 -555 -574 -577 -589 -639 -673 -704 -723 -730 -754 -748 -755 -790 -787 -796 -821 -835 -833 -872 -873 -878 -882 -917 -919 -943 -969 -944 -980 -994 -1017 -1037 -1026 -1013 -1031 -1048 -1087 -1044
-143 -161 -168 -185 -192 -211 -217 -237 -241 -256 -262 -277 -279 -272 -263 -280 -284 -290 -299 -311 -320 -335 -346 -350 -360 -369 -382 -408 -442 -476 -490 -489 -492 -504 -485 -476 -484 -503 -516 -514 -537 -528 -536 -556 -554 -580 -583 -590 -621 -623 -682 -712 -725 -726 -746 -752 -785 -793 -792 -829 -841 -855 -856 -867 -877 -908 -892 -941 -937 -986 -953 -970 -974 -979 -987 -1021 -1006 -1054 -1053 -1080 -1094
-154 -160 -171 -181 -192 -203 -216 -237 -235 -253 -268 -270 -257 -253 -263 -269 -282 -296 -302 -311 -318 -331 -343 -345 -360 -368 -390 -435 -459 -453 -458 -485 -493 -526 -484 -485 -477 -488 -500 -513 -523 -527 -539 -548 -563 -566 -581 -580 -597 -630 -677 -703 -726 -723 -735 -765 -741 -765 -798 -817 -827 -841 -872 -850 -890 -900 -880 -891 -907 -960 -967 -965 -995 -953 -999 -1028 -1026 -997 -1052 -1066 -1067
-144 -157 -168 -177 -194 -206 -213 -232 -233 -246 -250 -247 -251 -258 -264 -270 -282 -289 -308 -310 -323 -334 -342 -350 -360 -368 -416 -429 -440 -464 -460 -491 -500 -500 -506 -486 -493 -496 -501 -516 -528 -531 -543 -545 -548 -575 -578 -592 -616 -627 -671 -691 -712 -715 -726 -758 -766 -764 -783 -800 -823 -828 -824 -876 -871 -853 -882 -904 -940 -938 -976 -960 -955 -989 -977 -987 -990 -1035 -1071 -1064 -1061
-145 -156 -169 -181 -191 -188 -213 -220 -232 -236 -237 -236 -247 -254 -264 -272 -285 -295 -305 -313 -318 -337 -340 -351 -371 -373 -404 -428 -436 -444 -455 -480 -477 -492 -507 -490 -485 -503 -510 -522 -520 -526 -522 -542 -557 -560 -585 -578 -594 -642 -694 -690 -727 -729 -712 -729 -760 -752 -776 -764 -835 -833 -865 -854 -870 -868 -890 -910 -898 -988 -909 -916 -967 -995 -974 -983 -977 -1038 -1003 -1021 -1042
-145 -156 -173 -178 -186 -196 -204 -224 -225 -225 -228 -233 -249 -259 -263 -271 -280 -288 -303 -311 -326 -329 -344 -357 -358 -391 -411 -428 -426 -455 -460 -463 -469 -492 -485 -486 -485 -508 -508 -523 -515 -524 -539 -547 -557 -568 -583 -592 -610 -644 -644 -676 -672 -697 -723 -731 -742 -764 -747 -786 -792 -823 -813 -827 -855 -852 -866 -915 -926 -917 -946 -916 -963 -981 -949 -981 -1052 -1020 -1024 -1038 -1060
