-1120 -1122 -1120 -1112 -1124 -1115 -1119 -1127 -1113 -1119 -1111 -1114 -1123 -1111 -1117 -1117 -1118 -1115 -1114 -1116 -1120 -1118 -1113 -1099 -1109 -1114 -1106 -1111 -1112 -1109 -1106 -1105 -1109 -1103 -1106 -1106 -1099 -1101 -1102 -1107 -1089 -1098 -1088 -1090 -1101 -1094 -1099 -1095 -1103 -1106 -1103 -1092 -1103 -1098 -1097 -1093 -1104 -1092 -1103 -1086 -1087 -1100 -1100 -1092 -1092 -1094 -1089 -1088 -1099 -1101 -1091 -1085 -1092 -1094 -1083 -1100 -1089 -1087 -1105 -1102 -1093
-1105 -1111 -1112 -1120 -1105 -1107 -1104 -1104 -1100 -1101 -1108 -1114 -1111 -1099 -1099 -1095 -1098 -1112 -1103 -1102 -1115 -1094 -1092 -1105 -1103 -1101 -1111 -1100 -1100 -1102 -1096 -1084 -1091 -1092 -1091 -1089 -1098 -1090 -1083 -1091 -1085 -1088 -1090 -1087 -1085 -1080 -1079 -1090 -1084 -1080 -1080 -1096 -1089 -1089 -1090 -1084 -1090 -1089 -1087 -1082 -1086 -1078 -1077 -1083 -1086 -1078 -1085 -1082 -1083 -1090 -1082 -1080 -1093 -1077 -1080 -1081 -1075 -1078 -1075 -1077 -1065
-1095 -1091 -1102 -1091 -1103 -1092 -1092 -1098 -1097 -1085 -1088 -1089 -1097 -1087 -1087 -1085 -1096 -1091 -1091 -1097 -1091 -1084 -1083 -1090 -1082 -1086 -1084 -1084 -1084 -1081 -1088 -1078 -1085 -1076 -1089 -1078 -1084 -1076 -1088 -1076 -1073 -1078 -1078 -1079 -1077 -1085 -1083 -1078 -1080 -1070 -1071 -1079 -1072 -1068 -1076 -1075 -1072 -1072 -1079 -1081 -1068 -1074 -1070 -1065 -1072 -1061 -1076 -1067 -1062 -1073 -1065 -1068 -1059 -1069 -1065 -1078 -1080 -1086 -1072 -1065 -1060
-1084 -1075 -1079 -1091 -1087 -1078 -1085 -1080 -1094 -1080 -1073 -1079 -1073 -1074 -1077 -1074 -1081 -1071 -1075 -1070 -1075 -1071 -1081 -1076 -1081 -1076 -1080 -1078 -1074 -1074 -1072 -1076 -1071 -1073 -1061 -1064 -1069 -1064 -1070 -1074 -1062 -1061 -1065 -1056 -1075 -1073 -1087 -1070 -1055 -1057 -1071 -1058 -1058 -1058 -1065 -1062 -1063 -1055 -1061 -1065 -1046 -1052 -1054 -1056 -1069 -1062 -1063 -1060 -1064 -1060 -1054 -1057 -1061 -1052 -1062 -1051 -1056 -1057 -1059 -1057 -1060
-1070 -1074 -1081 -1068 -1073 -1073 -1075 -1068 -1077 -1069 -1079 -1063 -1067 -1070 -1067 -1061 -1062 -1066 -1068 -1062 -1064 -1061 -1069 -1064 -1064 -1062 -1063 -1070 -1057 -1055 -1061 -1056 -1057 -1047 -1064 -1057 -1061 -1053 -1042 -1056 -1054 -1047 -1046 -1059 -1063 -1258 -834 -678 -860 -1114 -1067 -1022 -1044 -1047 -1063 -1050 -1049 -1051 -1046 -1041 -1046 -1047 -1043 -1048 -1052 -1042 -1046 -1040 -1051 -1047 -1041 -1047 -1044 -1042 -1049 -1044 -1039 -1035 -1044 -1038 -1042
-1066 -1058 -1062 -1058 -1065 -1050 -1057 -1061 -1050 -1059 -1060 -1063 -1064 -1053 -1058 -1054 -1049 -1052 -1050 -1056 -1049 -1046 -1051 -1056 -1050 -1053 -1047 -1046 -1048 -1054 -1058 -1043 -1051 -1044 -1045 -1038 -1043 -1044 -1040 -1044 -1042 -1039 -1061 -1379 -836 -898 -718 -701 -1114 -981 -1221 -897 -982 -1039 -1033 -1036 -1044 -1032 -1037 -1039 -1026 -1039 -1035 -1030 -1037 -1029 -1035 -1036 -1041 -1048 -1023 -1033 -1040 -1035 -1027 -1035 -1034 -1030 -1039 -1038 -1032
-1045 -1050 -1050 -1047 -1046 -1049 -1049 -1044 -1045 -1046 -1042 -1042 -1044 -1044 -1045 -1049 -1039 -1042 -1040 -1038 -1038 -1042 -1038 -1041 -1046 -1034 -1040 -1043 -1041 -1041 -1036 -1034 -1037 -1030 -1030 -1028 -1027 -1033 -1030 -1038 -1024 -989 -993 -943 -712 -977 -743 -840 -746 -683 -628 -619 -960 -977 -1025 -1026 -1027 -1026 -1022 -1031 -1033 -1020 -1025 -1024 -1029 -1017 -1022 -1026 -1012 -1027 -1021 -1021 -1022 -1023 -1027 -1015 -1014 -1019 -1018 -1024 -1008
-1037 -1036 -1036 -1040 -1041 -1033 -1038 -1041 -1032 -1034 -1029 -1033 -1025 -1032 -1034 -1029 -1029 -1027 -1031 -1034 -1026 -1026 -1029 -1028 -1025 -1025 -1026 -1028 -1026 -1032 -1023 -1026 -1020 -1028 -1021 -1026 -1021 -1023 -1028 -1008 -1041 -1090 -1085 -688 -763 -646 -720 -782 -797 -704 -642 -695 -802 -763 -1012 -1014 -1017 -1017 -1017 -1013 -1015 -1011 -1009 -1006 -1014 -1015 -1018 -1010 -1014 -1016 -1011 -1004 -1007 -1010 -1016 -1020 -1014 -1009 -1007 -1003 -1016
-1028 -1025 -1026 -1028 -1022 -1021 -1027 -1020 -1021 -1022 -1022 -1028 -1017 -1011 -1016 -1024 -1015 -1012 -1013 -1021 -1013 -1013 -1018 -1017 -1010 -1020 -1014 -1015 -1014 -1013 -1011 -1012 -1010 -1006 -1018 -1016 -1008 -1018 -1004 -1074 -980 -1031 -786 -719 -718 -663 -652 -664 -659 -670 -668 -688 -691 -1099 -1022 -996 -1000 -1002 -1003 -997 -1001 -1007 -1002 -1001 -1000 -1005 -996 -996 -1002 -1001 -1005 -1000 -1004 -1005 -995 -1007 -1001 -1008 -1004 -993 -994
-1014 -1013 -1012 -1010 -1012 -1006 -1006 -1014 -1012 -1012 -1011 -1005 -1009 -1006 -1015 -1008 -1012 -1008 -1006 -1008 -1012 -1007 -1008 -1002 -1004 -1008 -1000 -1004 -1000 -1004 -1002 -1005 -999 -999 -1000 -1000 -1002 -999 -1007 -938 -1104 -1053 -708 -707 -681 -688 -673 -676 -686 -675 -670 -688 -677 -714 -770 -996 -992 -988 -992 -991 -992 -986 -991 -989 -982 -989 -987 -984 -985 -992 -984 -982 -987 -983 -990 -984 -981 -983 -986 -988 -979
-998 -1006 -999 -1004 -1007 -1002 -1002 -1001 -999 -1003 -999 -1000 -996 -1000 -999 -1002 -1001 -994 -995 -997 -993 -1000 -995 -993 -994 -994 -988 -985 -998 -986 -989 -994 -990 -986 -980 -985 -992 -951 -981 -692 -686 -687 -684 -675 -671 -677 -663 -658 -667 -679 -669 -687 -679 -723 -694 -993 -977 -978 -974 -984 -977 -979 -981 -975 -979 -975 -972 -974 -973 -973 -969 -970 -983 -977 -973 -976 -972 -971 -974 -977 -975
-989 -997 -991 -996 -992 -981 -983 -986 -987 -990 -991 -985 -986 -989 -986 -988 -985 -986 -986 -980 -991 -988 -989 -981 -988 -980 -986 -985 -981 -980 -971 -981 -977 -982 -970 -972 -977 -1069 -742 -677 -672 -680 -662 -671 -660 -660 -663 -660 -649 -659 -652 -666 -667 -647 -684 -961 -972 -966 -967 -963 -969 -968 -965 -963 -965 -967 -957 -963 -962 -961 -964 -965 -965 -963 -954 -961 -968 -970 -962 -957 -950
-987 -983 -982 -983 -979 -976 -981 -977 -974 -985 -979 -977 -976 -972 -978 -974 -975 -969 -971 -973 -970 -968 -976 -964 -973 -973 -970 -969 -973 -970 -970 -968 -970 -967 -966 -955 -962 -939 -687 -681 -673 -667 -671 -659 -654 -647 -648 -652 -653 -652 -656 -656 -667 -669 -686 -943 -957 -956 -952 -949 -955 -962 -953 -953 -947 -951 -952 -950 -956 -956 -953 -943 -946 -947 -953 -951 -945 -951 -951 -956 -948
-972 -971 -969 -964 -968 -962 -968 -970 -972 -971 -967 -964 -969 -966 -964 -968 -964 -963 -965 -965 -960 -960 -959 -956 -953 -959 -958 -953 -954 -957 -958 -953 -956 -958 -957 -957 -955 -949 -665 -669 -651 -650 -648 -654 -645 -646 -647 -647 -635 -644 -652 -644 -663 -647 -644 -895 -945 -945 -944 -943 -949 -948 -939 -940 -945 -939 -940 -944 -940 -940 -943 -942 -939 -940 -938 -937 -939 -934 -938 -938 -937
-960 -960 -961 -961 -954 -958 -955 -953 -955 -954 -949 -951 -953 -952 -955 -955 -951 -949 -959 -950 -947 -949 -949 -942 -945 -949 -941 -944 -948 -941 -937 -943 -944 -943 -942 -942 -934 -722 -637 -656 -658 -645 -638 -642 -638 -632 -625 -632 -630 -637 -640 -640 -637 -634 -649 -919 -938 -930 -932 -929 -929 -928 -933 -934 -927 -939 -929 -925 -930 -930 -925 -928 -924 -925 -927 -933 -927 -924 -924 -928 -930
-947 -949 -944 -945 -942 -945 -943 -947 -942 -943 -947 -941 -945 -940 -934 -944 -941 -937 -934 -933 -940 -936 -937 -936 -936 -940 -934 -939 -933 -936 -938 -930 -934 -934 -929 -932 -900 -693 -665 -645 -647 -633 -633 -634 -633 -633 -629 -631 -628 -632 -626 -630 -634 -630 -1009 -909 -921 -924 -924 -919 -919 -917 -926 -922 -920 -917 -918 -922 -917 -920 -920 -917 -914 -918 -912 -920 -913 -917 -918 -918 -918
-935 -936 -939 -935 -939 -936 -931 -936 -932 -933 -931 -933 -931 -932 -931 -929 -921 -933 -928 -930 -930 -925 -920 -923 -926 -928 -924 -929 -924 -919 -922 -921 -921 -924 -919 -913 -868 -672 -647 -628 -630 -635 -626 -621 -619 -624 -618 -620 -624 -622 -622 -621 -621 -651 -963 -914 -909 -907 -905 -908 -910 -909 -907 -914 -908 -912 -907 -915 -903 -907 -906 -909 -910 -908 -907 -904 -900 -904 -908 -902 -900
-925 -925 -925 -925 -923 -923 -922 -918 -921 -922 -922 -917 -919 -919 -920 -921 -916 -916 -920 -915 -919 -914 -911 -916 -911 -912 -915 -909 -913 -915 -912 -917 -907 -912 -909 -908 -680 -643 -632 -638 -622 -626 -617 -631 -617 -619 -615 -612 -625 -624 -612 -615 -613 -603 -721 -897 -899 -897 -895 -900 -899 -899 -900 -895 -888 -894 -895 -898 -891 -897 -895 -897 -889 -891 -892 -892 -894 -894 -890 -892 -891
-914 -914 -915 -915 -912 -905 -907 -907 -906 -905 -902 -906 -907 -905 -912 -909 -908 -906 -907 -904 -904 -909 -907 -905 -906 -902 -904 -898 -894 -902 -902 -898 -895 -899 -897 -837 -648 -667 -629 -620 -624 -618 -613 -613 -615 -615 -615 -609 -605 -606 -611 -614 -619 -606 -701 -892 -889 -887 -887 -882 -879 -888 -891 -882 -888 -881 -887 -880 -881 -885 -883 -884 -880 -883 -881 -884 -879 -886 -880 -876 -879
-904 -905 -906 -903 -903 -896 -897 -903 -905 -903 -902 -895 -898 -900 -893 -897 -895 -896 -892 -892 -893 -893 -890 -895 -889 -895 -890 -891 -886 -892 -887 -886 -888 -890 -889 -835 -644 -649 -621 -611 -612 -607 -605 -610 -607 -596 -597 -600 -599 -598 -603 -600 -604 -617 -830 -876 -877 -879 -875 -876 -874 -876 -876 -868 -869 -873 -871 -872 -869 -873 -872 -867 -874 -871 -867 -876 -871 -863 -869 -869 -872
-887 -890 -892 -887 -888 -892 -888 -892 -888 -886 -883 -886 -885 -887 -886 -883 -886 -882 -880 -882 -883 -879 -883 -879 -876 -882 -881 -876 -877 -878 -879 -876 -875 -882 -877 -830 -629 -615 -605 -609 -597 -601 -596 -598 -597 -598 -592 -602 -586 -591 -595 -586 -599 -612 -728 -867 -869 -863 -861 -867 -862 -866 -864 -862 -867 -867 -860 -859 -861 -857 -860 -856 -859 -859 -861 -862 -860 -853 -853 -859 -856
-877 -877 -877 -883 -878 -878 -877 -880 -876 -876 -876 -873 -879 -877 -878 -878 -874 -873 -874 -874 -871 -870 -869 -868 -864 -868 -869 -867 -869 -867 -868 -873 -867 -867 -863 -809 -631 -634 -613 -601 -594 -591 -590 -596 -591 -575 -580 -583 -586 -589 -585 -587 -596 -626 -764 -854 -852 -855 -851 -855 -854 -848 -849 -857 -850 -854 -849 -846 -850 -848 -849 -846 -843 -842 -849 -847 -845 -846 -845 -844 -852
-870 -871 -870 -864 -864 -869 -871 -865 -863 -866 -865 -865 -862 -861 -868 -863 -864 -859 -865 -865 -860 -858 -858 -857 -861 -860 -859 -854 -855 -857 -854 -852 -853 -853 -847 -839 -617 -623 -605 -598 -592 -586 -581 -579 -577 -578 -567 -570 -572 -579 -579 -581 -595 -614 -792 -841 -843 -839 -842 -840 -839 -839 -841 -838 -835 -840 -838 -840 -839 -843 -841 -840 -840 -845 -835 -838 -835 -834 -837 -826 -839
-854 -857 -858 -854 -862 -854 -859 -861 -858 -853 -851 -849 -851 -851 -850 -858 -847 -848 -851 -850 -848 -848 -844 -846 -848 -840 -847 -846 -843 -844 -838 -843 -842 -838 -843 -829 -642 -615 -596 -590 -583 -577 -574 -567 -568 -575 -569 -564 -572 -568 -578 -579 -591 -623 -823 -836 -834 -831 -828 -827 -831 -831 -824 -828 -830 -826 -826 -827 -828 -824 -823 -823 -827 -823 -823 -824 -829 -826 -827 -820 -827
-848 -844 -843 -846 -844 -849 -847 -847 -842 -844 -844 -843 -844 -838 -838 -838 -838 -841 -834 -834 -838 -840 -835 -839 -832 -835 -830 -835 -833 -832 -831 -830 -830 -832 -830 -828 -824 -812 -584 -581 -570 -574 -563 -566 -569 -563 -563 -566 -562 -566 -564 -562 -599 -808 -822 -819 -820 -814 -819 -815 -820 -815 -815 -815 -812 -814 -815 -813 -815 -816 -813 -815 -813 -813 -813 -816 -813 -810 -813 -815 -814
-832 -834 -837 -837 -835 -831 -833 -832 -832 -825 -828 -834 -830 -828 -829 -831 -829 -824 -830 -829 -822 -829 -825 -828 -821 -826 -824 -818 -821 -822 -822 -820 -825 -820 -817 -814 -817 -790 -572 -572 -563 -561 -557 -556 -557 -559 -555 -556 -551 -554 -561 -557 -797 -812 -815 -805 -809 -805 -811 -810 -809 -806 -809 -802 -802 -801 -805 -798 -804 -802 -797 -806 -805 -804 -800 -803 -801 -801 -801 -802 -803
-819 -826 -819 -819 -819 -820 -816 -823 -821 -820 -823 -819 -816 -817 -819 -814 -814 -814 -818 -816 -815 -817 -814 -812 -812 -813 -814 -813 -812 -812 -805 -810 -809 -811 -804 -809 -804 -804 -572 -567 -551 -552 -552 -560 -545 -544 -552 -552 -560 -552 -548 -552 -786 -793 -799 -797 -794 -799 -796 -801 -798 -795 -798 -787 -787 -795 -790 -792 -791 -788 -792 -791 -793 -792 -786 -788 -791 -788 -786 -786 -787
-814 -813 -815 -813 -810 -805 -809 -808 -809 -808 -807 -812 -810 -804 -807 -808 -803 -805 -806 -805 -802 -807 -804 -804 -801 -804 -800 -797 -798 -802 -800 -797 -793 -792 -797 -800 -794 -787 -570 -548 -559 -547 -547 -547 -541 -537 -543 -539 -547 -541 -547 -559 -783 -783 -781 -783 -787 -781 -782 -784 -783 -789 -785 -780 -786 -779 -782 -778 -780 -778 -781 -779 -783 -780 -782 -776 -776 -773 -774 -778 -777
-800 -801 -800 -802 -798 -792 -800 -801 -798 -801 -798 -791 -797 -795 -796 -792 -791 -795 -794 -790 -786 -790 -792 -791 -790 -790 -788 -790 -783 -787 -781 -784 -783 -789 -784 -784 -788 -784 -765 -552 -545 -553 -533 -540 -536 -532 -530 -534 -537 -538 -537 -745 -771 -773 -774 -772 -774 -773 -770 -774 -775 -773 -772 -770 -776 -770 -764 -765 -769 -766 -768 -765 -765 -766 -767 -766 -766 -767 -767 -762 -766
-793 -792 -791 -787 -786 -787 -788 -788 -786 -788 -787 -787 -785 -783 -781 -781 -781 -785 -778 -786 -778 -780 -775 -779 -777 -779 -776 -776 -778 -779 -773 -773 -771 -769 -774 -769 -773 -765 -665 -596 -561 -536 -526 -527 -524 -524 -525 -526 -528 -523 -579 -755 -763 -766 -760 -758 -760 -761 -759 -758 -759 -756 -762 -755 -757 -760 -758 -759 -755 -755 -755 -756 -756 -758 -755 -754 -756 -751 -756 -750 -751
-776 -773 -779 -775 -775 -771 -776 -774 -773 -775 -770 -768 -773 -772 -773 -772 -768 -768 -769 -769 -767 -771 -767 -770 -768 -765 -766 -765 -767 -762 -767 -765 -762 -760 -762 -759 -763 -758 -599 -558 -541 -540 -524 -519 -518 -519 -517 -518 -514 -542 -535 -739 -752 -753 -753 -751 -749 -750 -750 -749 -750 -752 -745 -747 -746 -748 -746 -748 -747 -742 -747 -742 -743 -739 -743 -743 -744 -743 -744 -743 -741
-763 -765 -762 -762 -764 -763 -762 -761 -762 -760 -759 -762 -763 -761 -761 -758 -760 -763 -756 -757 -756 -756 -751 -757 -753 -750 -755 -754 -748 -753 -753 -755 -753 -747 -748 -749 -751 -741 -553 -529 -544 -526 -530 -524 -518 -513 -517 -528 -524 -535 -532 -734 -740 -742 -738 -739 -739 -737 -735 -736 -735 -732 -737 -732 -737 -737 -732 -738 -736 -731 -732 -731 -731 -732 -731 -728 -729 -726 -726 -732 -732
-753 -755 -753 -750 -753 -750 -754 -753 -749 -750 -751 -750 -749 -750 -745 -749 -748 -744 -748 -749 -744 -742 -742 -741 -741 -744 -740 -741 -739 -740 -739 -740 -741 -738 -736 -733 -736 -737 -556 -525 -525 -525 -517 -511 -514 -520 -514 -522 -518 -512 -534 -730 -727 -731 -727 -725 -731 -725 -726 -724 -726 -723 -723 -720 -721 -724 -725 -722 -726 -721 -719 -719 -714 -716 -717 -722 -720 -721 -719 -713 -718
-740 -738 -743 -741 -741 -743 -737 -740 -735 -740 -737 -739 -738 -741 -736 -735 -735 -739 -735 -734 -735 -736 -733 -730 -729 -731 -730 -730 -729 -728 -729 -728 -727 -728 -725 -718 -722 -712 -533 -524 -516 -513 -508 -508 -508 -504 -509 -504 -511 -506 -521 -722 -717 -720 -718 -713 -714 -719 -714 -712 -712 -712 -713 -712 -709 -714 -711 -712 -712 -711 -706 -712 -709 -704 -709 -705 -703 -706 -708 -703 -706
-728 -732 -730 -733 -732 -730 -725 -724 -726 -724 -723 -724 -723 -724 -726 -727 -725 -723 -723 -720 -727 -727 -724 -719 -717 -718 -716 -717 -718 -717 -714 -714 -713 -718 -713 -715 -715 -677 -511 -510 -509 -513 -500 -504 -499 -502 -499 -497 -503 -499 -509 -696 -701 -703 -702 -704 -707 -704 -704 -703 -701 -697 -702 -703 -700 -698 -698 -699 -697 -699 -698 -698 -700 -695 -695 -693 -699 -693 -694 -697 -695
-719 -719 -715 -715 -715 -720 -717 -718 -714 -715 -712 -711 -713 -711 -711 -712 -711 -712 -711 -711 -708 -712 -707 -711 -708 -705 -704 -702 -711 -705 -706 -704 -705 -701 -698 -702 -692 -517 -503 -504 -500 -499 -498 -494 -493 -491 -487 -495 -488 -492 -498 -634 -683 -690 -694 -687 -693 -693 -686 -695 -693 -687 -687 -690 -686 -688 -687 -688 -686 -686 -687 -683 -687 -684 -684 -678 -683 -682 -683 -682 -685
-705 -707 -708 -708 -704 -701 -706 -705 -705 -704 -703 -698 -700 -699 -700 -699 -699 -699 -702 -699 -701 -694 -698 -698 -695 -698 -693 -694 -696 -691 -691 -693 -688 -686 -686 -671 -524 -504 -486 -495 -495 -487 -487 -485 -483 -478 -485 -489 -486 -485 -493 -495 -522 -656 -679 -681 -679 -681 -682 -678 -680 -681 -674 -677 -678 -676 -676 -673 -675 -677 -677 -674 -673 -677 -673 -670 -669 -668 -672 -669 -667
-693 -692 -694 -692 -693 -693 -692 -694 -690 -695 -691 -691 -689 -691 -688 -689 -687 -687 -687 -688 -683 -685 -683 -684 -682 -684 -683 -683 -681 -683 -680 -676 -657 -546 -508 -495 -493 -489 -489 -481 -476 -478 -475 -480 -475 -471 -473 -481 -481 -483 -477 -482 -487 -488 -530 -660 -668 -668 -668 -667 -663 -664 -662 -664 -659 -662 -662 -665 -663 -660 -663 -661 -660 -662 -659 -660 -661 -657 -661 -657 -658
-681 -685 -685 -681 -685 -681 -684 -680 -679 -678 -679 -681 -680 -682 -674 -677 -675 -674 -676 -672 -674 -676 -674 -677 -675 -674 -672 -672 -668 -669 -660 -631 -500 -488 -489 -488 -481 -477 -477 -472 -474 -471 -467 -468 -466 -464 -467 -465 -466 -472 -474 -472 -471 -474 -472 -497 -640 -660 -654 -655 -653 -653 -654 -655 -652 -651 -652 -649 -653 -648 -652 -651 -650 -651 -651 -653 -651 -647 -646 -645 -648
-668 -672 -669 -669 -669 -669 -666 -667 -668 -667 -666 -668 -667 -667 -668 -666 -660 -666 -664 -662 -661 -667 -661 -662 -662 -665 -660 -655 -654 -650 -552 -484 -477 -475 -472 -473 -474 -472 -468 -467 -464 -462 -464 -458 -458 -461 -459 -459 -460 -459 -459 -465 -460 -463 -461 -473 -469 -495 -628 -643 -644 -643 -644 -642 -639 -637 -636 -639 -640 -635 -638 -642 -637 -639 -637 -637 -635 -635 -635 -636 -634
-661 -657 -658 -655 -656 -654 -655 -660 -655 -656 -653 -654 -655 -654 -652 -656 -647 -650 -649 -648 -648 -650 -650 -647 -650 -644 -648 -644 -611 -481 -469 -475 -466 -463 -463 -461 -454 -459 -456 -457 -453 -461 -449 -450 -455 -450 -448 -454 -451 -453 -451 -452 -455 -454 -451 -458 -453 -455 -466 -480 -571 -621 -636 -627 -625 -624 -626 -629 -627 -626 -627 -628 -626 -626 -624 -627 -623 -625 -625 -628 -621
-645 -646 -643 -641 -644 -644 -642 -639 -645 -645 -642 -639 -643 -643 -641 -641 -640 -643 -640 -640 -640 -636 -636 -635 -635 -623 -553 -468 -465 -465 -459 -456 -455 -452 -449 -446 -448 -447 -445 -445 -446 -445 -440 -440 -441 -441 -441 -439 -440 -441 -446 -442 -442 -441 -441 -445 -445 -447 -445 -452 -455 -470 -572 -617 -613 -613 -614 -614 -617 -614 -615 -616 -612 -617 -616 -614 -610 -617 -617 -616 -612
-632 -633 -631 -634 -634 -628 -629 -632 -631 -629 -627 -630 -631 -628 -627 -629 -626 -626 -625 -625 -623 -622 -619 -615 -546 -455 -446 -444 -452 -447 -444 -443 -443 -441 -439 -436 -440 -440 -438 -434 -437 -433 -436 -432 -430 -431 -437 -431 -431 -431 -432 -431 -428 -428 -433 -433 -431 -435 -433 -438 -431 -437 -435 -448 -511 -593 -602 -602 -602 -601 -601 -602 -602 -601 -601 -602 -602 -597 -602 -604 -599
-622 -622 -620 -619 -620 -623 -617 -618 -619 -618 -618 -619 -616 -614 -620 -617 -615 -616 -614 -612 -612 -603 -548 -451 -444 -443 -441 -441 -431 -437 -437 -431 -431 -434 -434 -430 -427 -425 -424 -426 -426 -425 -422 -422 -424 -424 -421 -421 -423 -420 -424 -422 -421 -423 -418 -424 -425 -423 -426 -428 -426 -427 -428 -420 -429 -441 -535 -592 -589 -588 -590 -593 -588 -588 -589 -588 -591 -590 -588 -590 -592
-607 -611 -605 -608 -606 -606 -606 -607 -605 -605 -607 -606 -604 -608 -607 -606 -604 -607 -601 -600 -597 -500 -439 -434 -431 -431 -429 -428 -428 -425 -424 -420 -422 -420 -421 -419 -419 -419 -418 -415 -416 -416 -414 -414 -416 -415 -412 -414 -411 -409 -411 -413 -411 -414 -410 -410 -412 -414 -415 -415 -415 -413 -417 -414 -414 -416 -426 -549 -578 -578 -582 -576 -579 -577 -580 -575 -576 -579 -578 -576 -576
-596 -596 -595 -594 -595 -596 -594 -593 -596 -594 -594 -594 -593 -595 -593 -592 -592 -590 -586 -588 -511 -433 -428 -425 -419 -419 -418 -418 -419 -418 -420 -416 -414 -412 -411 -411 -410 -409 -409 -410 -410 -407 -404 -403 -403 -406 -402 -404 -406 -403 -406 -404 -404 -401 -402 -404 -407 -407 -407 -407 -406 -407 -406 -404 -408 -399 -409 -414 -559 -566 -563 -565 -565 -568 -562 -564 -566 -563 -565 -562 -561
-583 -585 -583 -586 -584 -582 -583 -584 -582 -582 -584 -582 -583 -580 -582 -581 -581 -579 -577 -567 -426 -418 -411 -412 -409 -408 -409 -410 -409 -410 -406 -402 -402 -402 -401 -400 -399 -398 -401 -399 -399 -397 -396 -394 -393 -394 -395 -394 -396 -394 -396 -396 -396 -391 -393 -395 -396 -395 -395 -397 -392 -397 -396 -397 -394 -394 -395 -400 -424 -551 -556 -550 -553 -552 -553 -553 -553 -553 -552 -554 -549
-573 -572 -572 -569 -570 -569 -569 -569 -572 -570 -569 -571 -569 -568 -568 -566 -567 -566 -565 -499 -417 -406 -405 -402 -397 -404 -402 -402 -398 -399 -397 -393 -395 -393 -393 -392 -392 -389 -388 -389 -388 -391 -384 -388 -388 -389 -383 -387 -386 -387 -388 -387 -384 -381 -385 -383 -383 -386 -384 -385 -385 -389 -389 -387 -389 -384 -387 -385 -393 -530 -541 -541 -540 -542 -543 -542 -539 -541 -543 -539 -537
-557 -559 -561 -561 -557 -559 -560 -558 -557 -557 -558 -559 -557 -558 -556 -553 -554 -556 -546 -415 -399 -394 -395 -393 -390 -390 -391 -391 -386 -389 -386 -385 -386 -381 -383 -381 -381 -381 -381 -381 -380 -377 -378 -379 -377 -377 -375 -376 -378 -373 -377 -377 -378 -374 -374 -373 -376 -377 -379 -381 -380 -377 -379 -377 -377 -377 -377 -378 -379 -406 -528 -529 -530 -530 -527 -529 -529 -527 -526 -532 -526
-547 -546 -546 -548 -545 -547 -546 -545 -546 -545 -544 -547 -545 -546 -547 -545 -545 -541 -514 -396 -387 -388 -383 -387 -381 -381 -381 -379 -381 -379 -378 -376 -375 -373 -374 -371 -370 -373 -372 -372 -369 -369 -367 -368 -367 -367 -367 -367 -365 -366 -368 -367 -370 -369 -366 -364 -365 -366 -368 -367 -368 -367 -371 -370 -368 -368 -370 -368 -372 -380 -518 -519 -518 -518 -516 -516 -516 -515 -517 -514 -515
-534 -535 -533 -535 -534 -532 -529 -532 -531 -532 -532 -532 -532 -532 -530 -532 -530 -525 -412 -380 -380 -374 -377 -377 -375 -374 -374 -375 -370 -369 -368 -365 -366 -366 -364 -364 -361 -362 -361 -362 -362 -362 -361 -359 -362 -360 -359 -356 -359 -360 -359 -357 -357 -355 -356 -360 -359 -359 -355 -361 -360 -359 -361 -359 -362 -357 -357 -359 -361 -367 -502 -501 -502 -504 -507 -507 -505 -505 -500 -502 -502
-521 -520 -521 -522 -520 -523 -520 -520 -520 -522 -518 -522 -520 -520 -518 -518 -517 -501 -383 -374 -370 -366 -367 -366 -366 -361 -362 -362 -364 -361 -360 -355 -358 -355 -356 -355 -355 -354 -353 -356 -354 -353 -350 -350 -349 -352 -351 -350 -350 -349 -351 -352 -350 -347 -347 -349 -347 -350 -348 -350 -351 -349 -350 -352 -350 -349 -353 -351 -352 -356 -473 -492 -493 -493 -495 -494 -494 -494 -486 -489 -489
-511 -511 -512 -508 -511 -510 -510 -509 -507 -507 -507 -508 -507 -507 -504 -505 -501 -469 -369 -361 -360 -359 -357 -355 -356 -356 -353 -355 -352 -350 -348 -347 -347 -346 -347 -345 -346 -345 -344 -344 -344 -341 -340 -342 -341 -341 -341 -338 -342 -340 -343 -341 -339 -341 -339 -337 -339 -339 -340 -342 -343 -344 -343 -343 -341 -339 -342 -343 -344 -348 -370 -481 -483 -482 -477 -480 -481 -478 -477 -477 -479
-498 -497 -497 -498 -497 -496 -496 -498 -500 -493 -496 -494 -495 -495 -494 -490 -486 -380 -359 -353 -351 -350 -348 -346 -348 -346 -346 -345 -342 -345 -339 -337 -339 -336 -335 -337 -336 -334 -334 -335 -334 -332 -332 -333 -332 -333 -330 -334 -332 -332 -333 -332 -328 -327 -331 -329 -330 -332 -334 -331 -331 -332 -335 -336 -331 -333 -335 -333 -334 -337 -350 -469 -470 -470 -468 -470 -470 -468 -468 -463 -464
-487 -484 -482 -485 -484 -485 -484 -486 -482 -484 -482 -483 -483 -482 -478 -475 -471 -363 -348 -342 -345 -340 -337 -339 -339 -338 -336 -337 -335 -332 -328 -329 -329 -327 -327 -327 -327 -326 -327 -327 -322 -325 -324 -321 -323 -323 -323 -325 -323 -322 -322 -322 -320 -320 -320 -320 -322 -320 -323 -321 -325 -325 -325 -323 -324 -327 -326 -326 -324 -328 -331 -451 -456 -456 -455 -456 -449 -453 -452 -453 -452
-474 -473 -472 -472 -470 -472 -467 -472 -471 -469 -472 -471 -468 -467 -469 -466 -428 -346 -339 -335 -333 -333 -330 -330 -330 -331 -331 -328 -324 -322 -321 -320 -319 -316 -320 -319 -319 -316 -317 -314 -312 -315 -314 -313 -316 -313 -314 -314 -316 -316 -315 -312 -311 -312 -311 -313 -315 -313 -313 -311 -315 -314 -315 -316 -315 -316 -318 -318 -317 -321 -331 -434 -445 -444 -443 -441 -441 -441 -442 -440 -444
-461 -458 -460 -461 -456 -458 -458 -457 -456 -457 -458 -457 -455 -453 -454 -454 -399 -332 -327 -327 -326 -328 -324 -323 -320 -321 -321 -317 -315 -313 -313 -310 -311 -310 -307 -309 -310 -308 -308 -307 -305 -307 -305 -305 -305 -304 -305 -304 -305 -305 -304 -303 -302 -302 -304 -303 -302 -305 -305 -306 -307 -305 -305 -308 -310 -307 -307 -308 -310 -311 -316 -429 -432 -429 -428 -431 -432 -428 -425 -425 -428
-446 -447 -446 -446 -448 -446 -449 -446 -444 -443 -443 -441 -442 -442 -442 -438 -353 -325 -321 -317 -317 -316 -314 -312 -313 -312 -310 -308 -307 -304 -305 -305 -302 -301 -300 -300 -300 -301 -296 -297 -298 -297 -297 -298 -296 -298 -296 -296 -297 -295 -292 -296 -295 -296 -295 -294 -294 -296 -295 -297 -297 -298 -297 -300 -300 -301 -302 -301 -303 -303 -307 -415 -420 -422 -416 -416 -417 -416 -413 -415 -417
-435 -434 -435 -434 -432 -433 -431 -431 -430 -428 -431 -430 -428 -431 -429 -426 -346 -314 -309 -311 -308 -307 -306 -306 -304 -302 -300 -299 -295 -295 -294 -294 -293 -291 -293 -292 -290 -291 -287 -290 -289 -288 -287 -288 -290 -289 -289 -288 -282 -287 -285 -287 -287 -285 -283 -287 -285 -286 -287 -288 -288 -286 -289 -291 -293 -290 -292 -293 -295 -295 -306 -402 -407 -405 -403 -405 -405 -406 -406 -405 -407
-421 -419 -421 -418 -416 -418 -419 -421 -417 -418 -418 -416 -417 -416 -416 -418 -329 -306 -303 -301 -300 -298 -296 -294 -293 -294 -292 -289 -290 -286 -287 -285 -286 -286 -283 -283 -279 -279 -278 -279 -280 -280 -280 -279 -279 -278 -278 -277 -279 -277 -278 -275 -277 -275 -277 -277 -277 -277 -277 -277 -280 -284 -282 -282 -284 -283 -284 -285 -287 -288 -294 -395 -393 -395 -392 -392 -394 -395 -393 -391 -390
-405 -406 -407 -407 -406 -405 -406 -405 -406 -406 -405 -406 -406 -403 -404 -402 -322 -297 -294 -291 -289 -287 -287 -286 -288 -286 -284 -282 -280 -279 -276 -278 -276 -276 -271 -273 -272 -271 -270 -271 -270 -270 -271 -270 -269 -270 -269 -268 -268 -267 -267 -269 -268 -266 -269 -269 -270 -269 -267 -265 -270 -271 -273 -276 -275 -276 -277 -276 -278 -279 -289 -378 -381 -381 -381 -379 -380 -380 -377 -381 -382
-394 -395 -393 -395 -394 -395 -393 -395 -393 -395 -393 -393 -394 -394 -390 -390 -310 -287 -284 -280 -278 -279 -281 -278 -277 -277 -277 -277 -272 -270 -268 -269 -268 -264 -263 -263 -260 -262 -261 -262 -261 -261 -261 -262 -261 -259 -260 -258 -259 -260 -260 -259 -260 -259 -260 -261 -260 -258 -259 -260 -265 -264 -268 -269 -268 -268 -269 -268 -270 -271 -277 -365 -368 -371 -369 -369 -368 -369 -367 -369 -367
-381 -381 -381 -382 -381 -381 -380 -381 -383 -379 -381 -379 -381 -379 -378 -372 -296 -278 -276 -272 -272 -272 -273 -270 -270 -269 -271 -268 -264 -263 -261 -259 -256 -255 -255 -254 -255 -253 -253 -253 -252 -254 -255 -253 -250 -252 -252 -250 -250 -251 -250 -249 -251 -250 -253 -249 -248 -250 -250 -254 -253 -258 -262 -259 -260 -260 -259 -260 -259 -262 -267 -354 -355 -355 -355 -355 -355 -357 -356 -355 -356
-370 -368 -367 -367 -369 -370 -367 -368 -367 -367 -368 -367 -365 -362 -364 -362 -284 -267 -266 -266 -263 -263 -262 -261 -261 -262 -263 -258 -255 -252 -251 -249 -248 -248 -247 -246 -246 -244 -244 -246 -244 -244 -242 -242 -242 -243 -243 -240 -243 -243 -242 -243 -240 -242 -242 -242 -241 -241 -244 -243 -248 -252 -250 -252 -251 -252 -251 -249 -251 -251 -259 -342 -344 -344 -342 -344 -345 -344 -344 -344 -343
-357 -356 -357 -358 -358 -356 -356 -356 -353 -351 -353 -352 -353 -351 -351 -348 -274 -258 -256 -255 -255 -253 -254 -253 -252 -253 -252 -248 -246 -242 -242 -241 -240 -239 -239 -238 -237 -236 -236 -236 -237 -235 -235 -234 -232 -234 -234 -234 -233 -232 -234 -233 -233 -232 -231 -233 -234 -234 -234 -235 -242 -245 -243 -244 -243 -241 -240 -241 -243 -241 -248 -332 -331 -330 -331 -331 -331 -328 -332 -331 -330
-345 -342 -340 -340 -338 -340 -341 -341 -339 -339 -339 -340 -339 -339 -340 -337 -262 -249 -248 -248 -245 -248 -246 -245 -241 -243 -240 -237 -238 -235 -233 -234 -231 -231 -231 -228 -229 -230 -227 -226 -225 -225 -225 -225 -225 -225 -225 -225 -224 -225 -224 -224 -222 -223 -222 -224 -225 -226 -227 -229 -233 -235 -235 -237 -232 -232 -232 -234 -233 -237 -244 -316 -318 -320 -318 -320 -321 -319 -319 -315 -316
-328 -329 -329 -327 -326 -329 -329 -328 -326 -327 -327 -327 -326 -326 -326 -320 -255 -239 -240 -238 -236 -234 -234 -236 -236 -234 -235 -230 -227 -225 -224 -224 -223 -223 -222 -221 -219 -217 -217 -216 -216 -216 -217 -218 -217 -215 -216 -217 -215 -214 -213 -214 -214 -216 -214 -217 -216 -219 -220 -219 -221 -227 -224 -224 -223 -224 -224 -224 -224 -226 -228 -306 -307 -306 -309 -307 -307 -307 -303 -303 -304
-314 -314 -315 -315 -315 -314 -315 -316 -315 -315 -314 -316 -315 -314 -313 -312 -240 -232 -227 -229 -227 -227 -225 -226 -227 -227 -223 -222 -219 -216 -216 -215 -215 -214 -211 -210 -209 -208 -209 -209 -208 -208 -207 -207 -207 -207 -207 -206 -205 -205 -204 -205 -207 -207 -207 -206 -209 -210 -211 -212 -214 -216 -216 -215 -216 -216 -216 -215 -216 -216 -222 -293 -294 -295 -293 -295 -292 -291 -291 -290 -291
-303 -301 -303 -302 -301 -303 -303 -302 -303 -303 -302 -300 -302 -298 -298 -294 -236 -220 -219 -218 -216 -217 -217 -217 -215 -216 -213 -213 -210 -209 -208 -204 -204 -202 -203 -201 -200 -201 -201 -200 -199 -200 -199 -199 -199 -198 -196 -197 -198 -197 -197 -197 -197 -198 -198 -198 -198 -202 -200 -203 -204 -208 -208 -206 -207 -207 -208 -207 -207 -206 -215 -278 -283 -281 -280 -278 -279 -279 -279 -277 -280
-291 -291 -291 -289 -289 -291 -291 -286 -288 -287 -287 -286 -288 -286 -285 -284 -220 -212 -209 -208 -208 -206 -208 -207 -209 -207 -206 -201 -198 -197 -197 -196 -194 -194 -195 -193 -192 -193 -192 -192 -191 -191 -190 -188 -188 -188 -188 -187 -188 -188 -187 -189 -189 -190 -190 -191 -187 -190 -190 -193 -197 -200 -199 -198 -199 -199 -198 -199 -199 -200 -206 -267 -266 -266 -264 -266 -267 -265 -267 -268 -267
-276 -275 -275 -274 -275 -274 -274 -274 -275 -275 -274 -274 -274 -273 -274 -270 -211 -204 -201 -200 -200 -199 -200 -200 -197 -195 -193 -192 -189 -189 -189 -187 -186 -185 -185 -185 -183 -183 -184 -184 -182 -179 -179 -180 -179 -179 -179 -179 -180 -179 -180 -180 -180 -180 -179 -180 -179 -181 -181 -184 -190 -191 -190 -191 -188 -189 -190 -189 -189 -191 -196 -254 -256 -253 -255 -255 -255 -255 -253 -255 -253
-261 -262 -260 -263 -260 -262 -261 -262 -261 -262 -261 -262 -260 -261 -261 -259 -201 -192 -193 -191 -188 -188 -188 -188 -187 -188 -186 -184 -181 -180 -178 -179 -177 -177 -177 -176 -175 -176 -173 -173 -172 -172 -170 -172 -171 -170 -170 -170 -170 -171 -171 -173 -170 -170 -170 -170 -172 -173 -174 -176 -181 -184 -181 -181 -181 -181 -178 -179 -179 -179 -188 -242 -241 -241 -243 -243 -243 -241 -242 -242 -242
-250 -248 -249 -249 -249 -250 -249 -250 -249 -249 -249 -249 -249 -249 -248 -245 -191 -182 -181 -179 -180 -179 -181 -178 -180 -178 -176 -172 -172 -172 -171 -169 -169 -169 -166 -166 -165 -164 -163 -163 -163 -162 -163 -163 -162 -163 -163 -162 -162 -160 -161 -161 -161 -161 -161 -163 -164 -164 -164 -167 -173 -173 -173 -170 -171 -171 -170 -169 -170 -170 -181 -228 -230 -230 -230 -229 -230 -229 -230 -229 -230
-238 -235 -236 -238 -236 -236 -235 -233 -233 -233 -234 -233 -232 -232 -232 -230 -184 -175 -172 -171 -170 -169 -171 -170 -170 -168 -165 -164 -164 -162 -159 -158 -158 -157 -157 -156 -157 -155 -156 -156 -155 -154 -155 -154 -153 -154 -155 -152 -152 -152 -152 -152 -152 -152 -153 -154 -154 -154 -155 -159 -162 -162 -162 -161 -161 -160 -161 -161 -160 -164 -176 -218 -218 -218 -218 -218 -217 -216 -217 -215 -215
-221 -220 -220 -220 -221 -220 -221 -221 -220 -221 -220 -221 -221 -220 -220 -218 -175 -165 -161 -162 -161 -161 -161 -162 -161 -157 -156 -153 -152 -151 -150 -150 -149 -148 -148 -147 -147 -147 -146 -146 -147 -146 -146 -145 -143 -143 -143 -142 -143 -142 -143 -143 -143 -144 -144 -146 -146 -147 -145 -149 -152 -152 -153 -152 -152 -153 -152 -151 -152 -153 -174 -204 -206 -205 -206 -202 -203 -202 -201 -201 -201
-209 -208 -208 -207 -208 -209 -207 -209 -208 -208 -208 -208 -207 -208 -208 -205 -164 -155 -153 -152 -150 -149 -150 -149 -149 -147 -146 -145 -145 -143 -141 -141 -141 -140 -139 -139 -138 -138 -138 -138 -136 -135 -136 -135 -134 -134 -134 -135 -134 -134 -135 -135 -135 -135 -136 -134 -135 -135 -137 -139 -144 -146 -143 -143 -143 -143 -143 -143 -143 -144 -165 -194 -191 -191 -190 -190 -190 -190 -189 -190 -189
-195 -196 -196 -196 -196 -195 -195 -195 -194 -196 -195 -195 -195 -192 -191 -191 -158 -143 -142 -142 -141 -141 -140 -141 -142 -139 -136 -136 -134 -134 -133 -133 -131 -131 -131 -128 -127 -128 -127 -127 -126 -127 -126 -127 -126 -127 -127 -126 -125 -126 -127 -126 -124 -125 -125 -126 -126 -127 -127 -132 -135 -134 -134 -134 -133 -134 -134 -134 -131 -134 -163 -177 -177 -177 -177 -177 -178 -178 -178 -177 -178
-182 -183 -180 -179 -180 -179 -179 -179 -179 -179 -179 -179 -179 -178 -179 -178 -149 -134 -134 -132 -132 -131 -131 -132 -131 -131 -128 -127 -125 -123 -122 -121 -121 -120 -120 -120 -119 -119 -118 -118 -118 -118 -118 -118 -118 -118 -117 -118 -117 -115 -116 -116 -115 -116 -117 -117 -118 -118 -118 -123 -126 -127 -126 -126 -125 -122 -123 -122 -123 -124 -160 -166 -165 -165 -166 -165 -165 -165 -165 -165 -166
-166 -166 -167 -167 -166 -167 -167 -167 -167 -166 -166 -167 -165 -167 -166 -165 -140 -125 -124 -123 -121 -122 -122 -122 -120 -119 -116 -115 -115 -113 -114 -112 -112 -112 -111 -111 -111 -110 -110 -110 -110 -109 -109 -109 -109 -107 -106 -107 -107 -107 -107 -107 -108 -107 -107 -108 -109 -111 -111 -115 -115 -117 -114 -113 -115 -113 -113 -113 -113 -121 -152 -153 -153 -153 -153 -152 -153 -154 -153 -152 -153
-154 -155 -154 -154 -154 -153 -154 -154 -154 -155 -154 -153 -155 -153 -153 -152 -136 -113 -113 -111 -111 -111 -110 -110 -110 -109 -109 -106 -105 -105 -105 -103 -103 -103 -102 -102 -102 -102 -101 -101 -99 -98 -99 -99 -99 -99 -98 -98 -98 -98 -98 -98 -98 -100 -100 -100 -99 -101 -101 -101 -103 -105 -105 -104 -104 -105 -105 -105 -106 -124 -140 -140 -141 -140 -141 -141 -141 -141 -138 -137 -138
-141 -141 -142 -141 -141 -139 -138 -138 -138 -138 -138 -138 -138 -138 -138 -137 -130 -106 -104 -103 -102 -102 -102 -101 -101 -100 -100 -97 -96 -95 -95 -95 -94 -92 -92 -91 -91 -91 -90 -91 -90 -91 -90 -90 -89 -90 -90 -90 -89 -90 -90 -90 -90 -91 -90 -89 -90 -91 -90 -91 -92 -95 -96 -95 -95 -95 -95 -96 -97 -125 -128 -128 -128 -129 -125 -125 -125 -125 -125 -125 -125
-125 -125 -125 -125 -126 -125 -125 -125 -125 -125 -125 -125 -125 -125 -125 -126 -123 -98 -95 -93 -93 -93 -93 -92 -91 -89 -87 -86 -85 -85 -85 -84 -84 -84 -83 -83 -82 -82 -82 -82 -82 -82 -82 -82 -82 -81 -82 -82 -82 -81 -79 -80 -79 -80 -80 -81 -80 -82 -81 -83 -83 -85 -86 -86 -86 -86 -85 -88 -101 -116 -112 -113 -113 -112 -113 -113 -113 -113 -112 -112 -113
-113 -113 -113 -112 -113 -113 -112 -112 -112 -112 -113 -113 -112 -112 -112 -112 -112 -107 -86 -82 -81 -81 -81 -80 -80 -78 -78 -77 -77 -76 -75 -75 -75 -74 -75 -74 -74 -74 -74 -74 -73 -73 -73 -73 -73 -70 -70 -71 -70 -71 -71 -71 -71 -71 -71 -71 -72 -73 -73 -73 -74 -75 -77 -77 -77 -76 -75 -83 -99 -101 -101 -101 -100 -100 -100 -100 -100 -100 -100 -100 -100
-100 -100 -100 -100 -100 -100 -97 -97 -97 -97 -97 -97 -96 -96 -97 -96 -96 -95 -80 -73 -72 -72 -71 -71 -70 -69 -69 -68 -68 -67 -67 -67 -66 -66 -66 -65 -65 -65 -65 -63 -63 -63 -62 -62 -62 -62 -62 -62 -62 -62 -62 -62 -62 -63 -63 -63 -63 -64 -64 -64 -65 -67 -65 -65 -65 -67 -70 -88 -88 -88 -88 -88 -87 -88 -88 -88 -88 -88 -88 -88 -88
-84 -84 -84 -84 -84 -84 -84 -84 -84 -84 -84 -84 -84 -84 -83 -83 -84 -84 -81 -65 -63 -63 -62 -62 -61 -59 -60 -57 -56 -56 -56 -55 -55 -55 -55 -54 -54 -54 -54 -54 -54 -54 -54 -54 -54 -54 -54 -54 -54 -54 -54 -54 -54 -54 -54 -55 -55 -53 -53 -53 -53 -56 -56 -56 -56 -60 -75 -76 -75 -75 -76 -76 -75 -75 -75 -76 -76 -75 -75 -76 -72
-71 -72 -71 -71 -72 -71 -71 -71 -71 -71 -71 -71 -71 -71 -71 -71 -71 -71 -71 -62 -52 -51 -51 -50 -49 -48 -48 -48 -48 -47 -47 -47 -46 -46 -46 -46 -46 -46 -46 -46 -45 -45 -45 -45 -45 -45 -45 -45 -45 -45 -43 -43 -43 -44 -44 -44 -44 -44 -44 -45 -45 -47 -47 -48 -51 -63 -63 -63 -63 -63 -63 -63 -63 -63 -63 -60 -60 -60 -60 -60 -60
-59 -58 -58 -58 -59 -58 -55 -55 -55 -55 -55 -55 -55 -55 -55 -55 -55 -55 -55 -54 -46 -42 -41 -41 -40 -39 -39 -39 -39 -38 -38 -38 -38 -38 -38 -37 -37 -37 -37 -37 -37 -37 -37 -37 -35 -34 -34 -34 -35 -35 -35 -35 -35 -35 -35 -35 -35 -35 -35 -36 -37 -38 -38 -41 -50 -51 -51 -51 -50 -51 -50 -47 -48 -47 -47 -48 -47 -47 -47 -47 -48
-42 -42 -42 -42 -42 -42 -42 -42 -42 -42 -42 -42 -42 -42 -42 -42 -42 -42 -42 -42 -41 -34 -32 -31 -31 -30 -30 -29 -29 -29 -29 -29 -29 -27 -27 -27 -26 -26 -26 -26 -26 -26 -26 -26 -26 -26 -26 -26 -26 -26 -26 -26 -26 -26 -27 -26 -26 -27 -27 -27 -28 -28 -30 -37 -38 -38 -35 -35 -35 -35 -35 -35 -35 -35 -35 -35 -35 -35 -35 -35 -35
-30 -29 -30 -29 -29 -30 -29 -29 -29 -29 -29 -29 -29 -29 -29 -29 -29 -29 -26 -26 -26 -25 -20 -20 -19 -19 -19 -18 -18 -18 -18 -18 -18 -18 -18 -18 -18 -18 -18 -18 -18 -18 -18 -18 -18 -18 -18 -18 -18 -18 -18 -18 -18 -18 -18 -18 -18 -18 -16 -16 -16 -16 -22 -22 -22 -23 -22 -22 -22 -22 -22 -22 -22 -22 -22 -22 -22 -22 -22 -22 -22
-13 -13 -13 -13 -13 -13 -13 -13 -13 -13 -13 -13 -13 -13 -13 -13 -13 -13 -13 -13 -13 -13 -12 -10 -10 -10 -10 -9 -9 -9 -9 -9 -9 -9 -9 -9 -9 -9 -9 -9 -9 -9 -9 -9 -9 -9 -9 -9 -7 -7 -7 -7 -7 -7 -7 -7 -7 -7 -7 -7 -7 -7 -10 -10 -10 -10 -10 -10 -10 -10 -10 -10 -10 -10 -10 -10 -10 -10 -10 -10 -10
0 0 0 0 0 0 0 0 0 0 0 0 0 0 0 0 0 0 0 0 0 0 0 0 0 0 0 0 0 0 0 0 0 0 0 0 0 0 0 0 2 2 2 2 2 2 2 2 2 2 2 2 2 2 2 2 2 2 2 2 2 2 3 3 3 3 3 3 3 3 3 3 3 3 3 6 6 6 6 6 6
12 12 12 12 12 12 12 12 12 12 12 12 12 12 12 12 12 16 16 16 15 15 15 15 11 11 11 11 11 11 11 11 10 10 10 10 10 10 10 10 10 10 10 10 10 10 10 10 10 10 10 10 10 10 10 10 10 10 10 10 11 11 15 15 15 15 15 15 15 18 18 18 18 18 18 18 18 18 18 18 18
28 29 28 28 28 28 28 28 28 29 28 28 28 28 28 28 28 28 28 28 28 28 28 28 20 20 20 20 20 19 19 19 19 19 19 19 19 19 19 19 19 19 19 19 19 19 19 19 19 19 19 19 19 19 19 19 19 21 21 21 22 22 31 31 31 31 31 31 31 31 31 31 31 31 31 31 31 31 31 31 31
41 42 42 41 41 41 41 42 41 41 41 41 41 41 41 41 41 41 41 41 41 41 41 40 30 29 29 29 28 28 28 28 28 28 28 28 28 28 28 28 27 27 27 27 30 30 29 29 29 30 30 30 30 30 30 30 30 30 30 30 30 31 43 44 44 43 43 44 44 43 44 43 44 43 44 44 44 43 43 43 43
55 55 54 54 54 54 54 54 54 54 54 54 54 54 54 57 57 57 57 57 57 57 57 57 55 41 40 40 39 40 40 39 39 39 39 39 38 38 38 39 38 38 38 38 38 38 38 38 38 38 38 38 39 38 38 38 39 38 39 39 39 39 54 56 56 56 56 56 56 56 56 56 56 56 56 56 56 56 56 56 56
70 71 70 71 70 71 70 71 70 70 71 70 70 70 71 70 70 70 70 70 70 70 70 70 69 52 49 49 49 48 48 48 48 48 48 48 47 47 47 47 47 47 47 47 47 47 47 47 47 47 47 47 47 47 47 47 47 47 47 47 48 48 51 69 69 69 69 69 69 69 69 68 72 72 72 72 72 71 71 72 72
83 84 83 83 83 84 84 83 84 84 83 84 83 83 84 83 82 83 83 83 83 83 83 83 82 61 58 58 57 57 57 57 57 56 56 56 56 56 56 56 56 56 56 55 55 55 55 56 55 55 58 58 57 58 58 57 58 58 58 59 59 59 63 84 84 85 85 84 84 85 84 85 84 85 84 84 85 85 84 84 84
97 96 100 100 99 100 100 99 99 100 99 99 99 99 99 99 99 99 99 99 99 99 99 98 93 72 70 69 69 68 67 68 67 67 67 67 67 67 67 66 66 66 66 66 66 66 66 66 66 66 66 66 66 67 66 67 66 67 67 67 68 68 71 97 98 97 97 97 97 97 97 97 97 97 97 97 97 97 97 97 97
113 112 113 113 113 113 113 113 112 113 112 112 112 112 112 112 112 112 112 111 112 112 112 111 84 80 79 78 78 77 76 77 76 76 75 76 75 75 75 75 75 74 74 75 74 75 75 74 74 75 75 75 75 75 75 75 75 76 75 76 76 76 79 110 110 110 110 110 110 110 110 110 110 110 109 109 109 108 109 109 110
126 126 126 125 126 126 126 126 126 125 126 125 125 125 125 125 125 124 124 125 124 125 124 123 91 88 87 87 86 85 85 85 85 85 85 84 84 84 84 84 84 83 83 84 83 83 83 83 83 83 83 84 84 84 84 84 84 84 84 85 84 86 86 122 124 122 122 122 123 123 122 122 122 122 122 123 123 122 125 125 125
142 142 142 142 142 142 142 142 142 142 142 141 141 141 142 141 142 141 141 142 142 141 140 137 101 99 99 98 97 97 96 96 96 95 95 95 95 95 94 95 94 94 95 94 94 95 94 94 94 94 94 94 95 95 95 94 94 95 95 95 95 96 97 136 138 138 138 139 138 138 139 138 138 138 138 139 138 138 138 139 138
156 155 155 155 154 155 154 155 154 154 155 154 154 154 154 154 153 154 154 154 154 153 153 134 110 107 107 106 105 106 104 105 105 105 104 104 104 104 104 103 103 103 103 104 103 103 103 103 102 103 103 104 103 103 103 104 103 104 104 105 104 105 106 144 152 151 151 151 151 151 151 151 151 150 151 150 152 151 150 151 151
172 171 172 172 171 171 171 168 167 167 168 167 168 167 168 167 167 167 167 166 166 166 166 126 119 117 116 115 115 115 113 113 114 113 114 112 113 113 112 112 112 112 111 112 111 112 111 112 111 112 112 111 111 112 111 112 112 112 112 113 113 114 115 151 164 164 162 164 163 163 164 163 163 163 163 163 163 164 163 163 163
184 185 185 184 183 184 184 184 184 183 184 183 184 184 183 183 182 182 182 183 182 182 182 134 129 128 126 126 126 125 124 125 125 123 124 123 123 123 123 123 123 123 123 122 123 123 122 122 120 119 120 120 121 121 120 121 120 120 121 122 121 123 126 168 176 177 176 176 176 177 176 176 176 176 176 176 176 176 177 177 175
197 198 197 198 196 197 197 199 196 196 197 196 197 197 195 196 196 196 195 195 196 195 189 142 140 137 136 136 134 134 132 134 133 133 133 132 132 132 132 132 131 131 132 131 131 131 131 131 130 131 131 131 132 131 132 130 131 132 132 132 132 134 134 185 192 192 192 192 192 192 193 193 192 193 192 192 192 192 191 192 190
214 214 215 214 213 213 213 214 213 213 213 214 212 213 213 212 213 213 210 210 209 208 202 150 146 145 145 143 144 143 143 142 142 143 141 141 140 142 140 140 141 140 139 141 139 139 140 139 139 140 139 140 139 139 140 140 141 141 141 141 142 144 143 162 204 205 205 205 205 205 205 204 204 205 205 204 205 205 204 205 205
227 227 227 227 226 227 227 226 227 226 226 225 226 226 225 225 226 225 225 226 225 224 184 160 158 157 156 155 153 154 152 154 153 154 151 152 152 151 150 152 152 151 151 148 148 149 149 149 147 148 148 148 148 148 148 150 149 148 150 151 150 151 154 185 219 218 217 218 217 218 218 219 218 218 218 218 217 218 216 218 217
244 243 243 241 240 241 240 239 239 240 239 240 239 239 240 239 239 238 237 238 238 238 178 166 167 166 163 163 163 163 161 160 160 161 161 160 161 161 160 159 158 160 159 158 159 159 159 158 158 159 160 161 160 161 160 160 159 158 159 159 160 158 162 229 231 230 230 230 231 230 231 229 230 229 231 229 229 231 229 230 228
255 256 257 256 256 256 256 256 256 254 255 255 255 254 254 254 254 255 255 254 253 253 178 176 176 172 171 172 171 170 170 170 170 169 169 169 168 168 169 168 168 168 169 168 167 168 169 169 170 167 169 168 169 170 168 168 168 170 169 171 170 174 174 238 247 248 247 247 247 246 247 247 246 247 247 248 248 246 243 242 242
270 271 271 269 269 270 271 268 268 266 269 268 268 269 269 267 267 268 268 266 268 220 188 185 186 187 184 182 182 182 182 181 181 179 180 179 177 180 180 177 178 176 176 176 176 176 177 178 176 177 176 178 176 176 177 177 177 180 176 178 182 183 182 250 259 260 259 261 259 258 260 258 258 260 258 259 260 259 259 257 258
286 287 286 285 286 286 285 285 285 285 281 282 282 281 281 281 281 280 279 280 274 208 196 193 195 191 191 189 190 189 189 189 189 187 189 189 187 186 188 186 187 188 188 187 185 188 187 187 189 188 185 186 185 187 186 187 186 185 188 187 192 192 200 269 274 272 272 274 271 273 273 271 271 272 273 271 272 269 271 272 271
299 300 300 299 299 300 298 297 298 298 298 298 298 298 297 297 298 297 296 297 296 210 212 206 205 203 201 201 199 199 199 196 198 197 197 197 196 193 196 196 197 195 196 196 194 196 197 196 196 194 197 197 197 196 197 196 196 198 197 200 199 201 208 286 285 286 287 284 286 284 285 283 285 285 285 284 284 285 283 285 285
313 313 312 312 312 313 312 312 312 311 311 312 310 312 310 311 310 311 310 308 301 222 218 216 213 212 211 210 209 209 210 207 209 207 206 207 208 204 206 205 204 206 206 205 204 205 206 204 204 207 205 205 206 204 204 206 204 204 206 208 209 209 288 301 302 301 302 300 301 301 301 298 297 298 298 298 299 297 295 297 297
329 330 330 329 328 329 328 329 327 327 328 326 326 325 325 323 323 325 321 322 279 232 220 220 221 220 220 219 217 216 215 218 217 216 214 217 215 215 215 216 217 217 216 216 220 219 213 215 215 213 214 213 215 215 213 214 214 215 216 217 218 223 302 315 313 314 314 315 314 313 314 312 314 313 314 313 314 313 311 314 313
342 341 342 342 343 342 342 340 341 341 340 340 340 338 339 339 341 339 340 335 250 236 239 236 234 232 225 227 226 226 225 226 226 227 224 226 225 226 224 229 226 225 224 228 225 227 226 226 226 226 230 228 224 226 225 224 224 224 226 224 232 236 328 327 329 327 327 325 327 326 325 326 326 325 327 326 326 325 327 326 325
355 355 356 354 356 355 356 354 356 354 356 354 354 353 354 352 355 353 352 350 250 247 244 242 240 238 242 237 237 237 236 237 236 236 236 233 231 234 233 234 236 236 239 234 240 237 236 240 236 235 237 236 234 236 234 234 235 236 234 237 239 257 343 340 338 340 337 341 340 342 339 340 338 338 339 339 339 340 340 339 338
373 374 372 371 370 371 371 371 369 371 372 372 371 369 370 369 365 365 366 353 266 255 254 248 249 250 248 245 244 248 244 243 242 244 244 244 244 243 243 246 248 249 251 243 249 245 244 246 245 246 247 241 246 243 245 241 241 243 244 242 246 271 355 356 356 356 356 358 353 351 352 354 350 351 351 352 352 350 352 349 349
386 385 386 385 386 385 385 384 383 383 383 384 384 383 383 382 382 381 382 369 262 265 266 258 260 256 255 252 255 254 254 255 251 252 255 252 255 255 257 254 257 255 265 259 256 255 260 257 258 256 256 255 254 252 250 252 253 254 254 259 264 369 370 371 367 370 369 368 368 368 369 369 368 367 369 366 368 367 365 364 365
402 402 402 400 401 399 397 397 399 398 395 397 395 397 397 397 397 396 396 376 278 273 272 266 268 267 264 264 264 264 262 263 263 266 260 264 261 266 266 265 268 270 272 267 271 269 268 268 267 266 267 264 262 262 262 264 264 259 264 265 271 375 383 382 382 379 382 382 381 381 380 382 382 382 383 383 383 381 380 382 381
415 415 416 413 415 415 412 413 413 413 413 412 414 412 412 411 413 408 407 316 289 288 281 280 281 274 272 273 275 274 273 271 273 272 273 271 274 276 278 276 280 280 278 279 282 279 274 277 277 275 274 274 274 271 272 279 274 273 274 278 291 395 395 397 396 393 394 395 395 394 396 395 396 393 393 395 395 395 396 391 392
428 431 427 427 430 427 430 427 427 427 426 428 427 427 425 425 424 425 427 299 295 295 291 286 287 284 281 283 280 283 283 282 281 283 285 285 285 285 287 289 291 290 292 294 291 288 289 287 285 287 285 282 286 282 281 281 282 283 284 291 315 410 412 411 412 411 413 411 406 408 407 409 406 408 405 407 408 407 407 407 407
445 445 444 446 444 442 445 444 440 439 438 438 441 439 439 439 437 437 439 311 302 300 300 298 295 295 292 295 292 290 289 295 289 293 292 290 291 295 299 299 307 305 304 303 302 299 300 299 295 297 295 295 296 294 289 290 291 291 295 292 332 421 425 425 424 424 422 424 424 424 424 422 423 426 424 422 420 422 416 420 417
458 457 456 459 456 458 460 457 458 456 456 455 456 455 457 453 458 454 451 309 310 312 305 305 303 302 304 303 300 303 301 302 302 299 301 303 311 306 313 319 315 316 310 311 311 309 309 306 306 308 306 301 302 302 302 304 302 303 305 311 420 439 438 436 437 435 437 438 435 436 437 435 436 436 434 438 437 436 434 437 436
475 470 471 471 471 474 469 471 471 470 470 468 470 470 469 468 468 468 469 327 322 318 315 317 316 312 310 312 310 312 309 308 310 312 310 311 315 318 320 322 326 322 324 325 320 319 318 315 315 314 314 314 314 311 313 313 311 314 314 317 449 454 450 448 450 451 451 450 449 448 449 451 449 449 448 449 448 451 448 449 448
487 487 487 488 488 487 488 486 487 484 484 483 483 483 483 481 481 480 466 337 329 325 322 322 324 322 322 323 321 322 320 318 318 320 324 326 326 325 331 346 490 342 332 337 334 331 330 331 325 323 326 324 321 319 320 319 320 321 322 333 462 468 469 464 468 466 468 466 465 465 463 461 465 462 461 460 460 462 462 461 461
504 500 501 502 499 500 500 499 503 499 499 498 497 498 497 498 499 499 500 342 337 337 334 331 331 332 329 333 328 331 332 328 331 333 332 336 330 334 338 477 485 351 344 346 339 341 339 340 336 333 336 333 333 333 330 325 329 333 331 353 474 481 481 478 477 478 480 479 480 479 479 482 476 478 474 478 474 471 475 472 476
516 514 517 514 513 513 516 512 513 512 513 513 514 509 513 513 511 512 354 354 348 349 345 347 338 338 337 340 337 340 336 339 338 342 344 349 344 349 493 496 498 378 353 354 349 351 347 347 348 343 347 343 347 343 343 339 340 348 354 438 496 494 491 493 491 491 492 493 491 492 491 491 494 490 491 490 491 491 493 490 490
533 531 531 531 531 530 531 531 525 525 526 524 526 526 525 524 526 521 369 359 359 354 349 351 352 348 351 346 348 350 347 348 349 350 352 356 353 368 519 514 512 396 372 366 365 361 355 355 355 356 353 354 356 349 350 353 350 352 354 492 510 509 508 503 508 504 505 504 506 503 505 504 504 503 505 503 500 506 504 501 505
545 544 546 545 546 542 541 543 542 545 542 542 542 541 541 542 541 528 375 371 368 363 364 360 357 356 359 357 359 359 358 360 354 359 362 365 372 387 526 529 526 416 378 374 372 370 369 369 368 367 358 362 359 360 362 359 361 360 372 518 521 520 522 521 522 523 517 520 517 519 517 515 517 520 518 520 515 516 516 516 516
558 557 558 558 557 556 559 555 556 557 555 557 554 554 556 554 554 598 383 379 382 373 373 369 366 368 367 365 368 368 367 368 370 370 376 380 381 525 544 542 541 434 378 393 382 379 376 380 379 376 375 369 372 371 372 367 368 371 392 532 536 537 535 534 536 534 536 534 534 536 536 531 532 530 530 532 531 529 532 528 529
574 575 574 572 574 573 569 570 572 570 566 569 569 568 571 570 567 425 394 390 385 388 380 378 379 381 377 375 373 379 375 374 382 384 389 391 399 559 558 559 561 426 399 396 388 395 390 388 387 385 382 386 385 380 378 381 383 385 445 546 550 547 547 548 549 549 549 548 546 549 547 550 549 545 545 547 546 545 543 545 541
589 589 591 589 588 589 588 586 586 588 587 582 588 583 584 582 573 404 400 399 394 397 390 388 389 387 385 387 388 389 389 389 392 390 394 395 411 572 571 571 567 434 408 412 398 401 397 394 399 393 396 391 393 392 391 394 393 400 517 567 568 562 563 561 562 561 562 560 560 561 557 560 563 559 560 560 559 561 559 555 560
603 603 604 603 601 598 599 599 599 597 600 598 601 600 598 597 587 426 413 407 397 401 399 398 398 395 397 394 394 400 397 398 400 394 411 412 563 584 588 582 583 441 420 414 416 410 408 407 404 403 406 403 401 402 405 402 406 408 574 578 580 574 579 576 577 575 574 575 572 574 574 575 573 572 571 574 574 574 574 569 569
618 616 618 615 616 614 617 614 614 614 612 612 611 611 611 611 596 430 423 420 409 413 410 407 405 406 405 405 400 408 405 405 409 411 415 425 597 602 601 597 594 457 434 427 424 425 419 419 417 417 417 416 411 415 408 409 412 423 587 594 588 590 591 589 592 588 590 590 586 587 591 586 584 586 587 584 581 582 585 586 584
635 630 633 631 629 630 633 629 630 630 625 625 626 627 625 620 583 437 427 425 421 417 419 415 420 411 415 415 411 413 416 413 411 423 425 439 611 611 617 615 610 456 443 437 431 425 434 430 428 422 424 418 425 425 420 424 423 641 606 609 606 606 606 604 601 606 602 602 606 603 604 602 601 597 602 600 599 601 598 596 596
645 646 645 646 647 644 642 644 645 644 642 644 644 640 644 640 540 448 441 436 432 431 423 426 427 423 426 426 425 422 425 424 423 434 436 449 627 627 627 626 622 463 453 445 450 439 439 438 430 438 434 434 437 433 428 433 435 604 621 617 617 616 618 618 618 619 621 617 615 612 613 614 615 615 614 616 610 608 609 610 612
659 658 663 658 663 657 659 660 656 658 656 658 654 654 656 649 584 458 453 443 437 439 434 432 433 432 432 434 432 430 434 433 444 440 453 649 641 642 642 642 632 471 471 462 457 452 449 451 439 443 448 444 449 442 439 441 442 628 635 632 635 634 630 632 628 632 629 629 627 633 627 630 628 629 631 633 629 628 630 625 626
677 671 676 673 673 672 670 670 671 668 670 665 668 666 667 673 611 475 468 452 450 448 447 450 445 443 442 441 442 433 446 446 443 451 465 654 658 654 651 649 650 495 470 464 459 458 461 460 456 457 457 454 454 451 451 445 455 644 650 644 649 648 646 649 645 645 647 644 643 643 644 641 642 638 641 645 641 640 645 642 644
691 690 687 687 690 690 687 686 689 687 687 683 680 681 680 681 673 490 472 465 457 455 455 449 451 451 449 453 451 456 458 459 456 470 478 669 670 670 671 671 652 489 484 481 476 471 472 467 467 468 471 466 465 462 459 462 477 660 664 657 662 663 659 658 661 657 659 661 659 653 656 654 653 652 659 656 656 654 653 656 653
702 703 707 699 700 700 702 705 702 702 702 697 699 698 702 698 698 509 482 478 469 469 459 459 463 460 462 463 463 466 466 464 471 479 655 685 686 686 684 683 677 511 498 490 487 485 478 474 477 478 474 470 473 474 471 469 593 673 672 677 675 677 673 674 674 676 674 670 674 670 673 667 668 668 668 666 669 672 669 674 664
716 715 717 718 716 716 715 715 714 711 716 713 715 711 716 711 706 681 500 475 479 473 476 477 473 475 469 469 476 477 481 490 487 487 691 698 699 692 696 696 689 516 511 498 496 490 492 489 487 486 489 488 483 484 481 485 690 691 691 685 691 687 687 683 687 687 684 690 681 686 683 683 686 684 685 681 680 684 682 676 678
729 732 729 729 729 729 726 729 728 730 725 728 727 725 727 727 729 725 500 490 487 488 485 480 483 476 476 481 475 488 486 488 488 498 717 720 715 711 712 712 699 534 517 505 509 506 504 504 497 494 492 494 489 494 487 490 689 707 701 704 704 697 698 702 695 703 696 697 698 696 699 699 700 697 698 698 695 700 695 697 695
745 746 748 747 746 744 744 745 743 741 737 740 743 740 737 735 732 733 495 501 502 493 492 486 488 493 485 485 489 500 495 507 502 506 727 722 731 729 729 724 719 550 532 516 516 517 510 512 508 509 503 506 502 494 496 523 714 714 714 717 716 716 715 715 714 712 711 713 713 712 710 709 710 713 710 712 709 710 707 709 707
760 756 757 758 760 758 758 760 753 760 754 755 756 754 751 750 746 750 520 512 511 506 502 500 497 501 500 499 502 512 508 509 523 531 747 740 740 742 744 738 737 568 536 525 524 525 517 526 517 518 517 512 513 510 513 613 727 726 729 734 725 730 729 728 727 728 725 725 721 724 722 728 721 726 726 722 719 721 724 723 722
770 777 775 777 769 770 768 773 774 773 771 769 771 771 769 766 767 759 534 523 512 510 509 511 505 505 514 514 506 516 524 515 516 542 760 756 752 755 759 750 756 563 539 539 541 535 533 532 526 525 524 527 521 520 525 706 743 745 745 738 733 737 740 739 740 736 737 739 739 737 733 734 733 733 734 731 735 735 729 730 732
787 789 788 790 791 786 786 783 784 783 786 787 785 785 779 782 780 783 542 527 529 520 522 522 517 517 516 527 528 528 524 538 548 734 767 771 772 770 768 764 762 616 557 550 550 546 539 543 535 536 530 536 531 534 538 748 755 749 742 737 741 747 746 751 744 742 748 753 745 742 742 749 743 744 744 743 742 743 750 743 750
800 805 801 798 800 799 801 799 799 800 797 796 796 798 797 795 798 766 545 545 528 531 529 524 529 535 527 529 539 542 541 540 552 787 784 780 782 780 782 778 787 619 565 559 555 554 554 549 549 550 542 542 542 540 598 777 766 764 774 760 745 744 746 756 749 752 750 747 753 756 752 753 750 745 765 753 748 746 756 752 741
817 816 816 818 813 819 817 814 814 814 813 816 815 810 807 806 808 589 555 558 547 544 535 538 539 528 539 545 539 545 547 558 789 802 800 797 801 795 794 795 791 612 575 574 566 563 561 562 561 556 553 550 549 549 745 789 785 798 792 755 756 747 743 746 739 748 754 751 749 750 747 745 747 751 752 753 749 752 752 762 760
833 828 833 830 828 829 828 829 829 828 828 823 827 824 825 823 800 574 575 566 561 547 547 550 553 550 550 564 554 563 555 563 816 809 810 811 812 806 814 807 796 602 578 577 573 573 571 567 564 566 561 557 562 589 771 799 797 795 783 759 751 749 752 751 749 745 747 745 743 746 744 746 739 752 745 744 743 744 744 745 745
841 845 846 839 843 846 841 836 839 839 836 839 837 841 837 833 784 593 579 570 567 564 563 557 560 552 562 565 572 568 571 585 824 829 827 822 824 825 827 819 787 611 586 587 583 586 587 579 571 572 575 567 573 587 812 814 809 805 803 774 764 759 764 761 761 760 761 759 757 755 753 756 753 754 751 754 752 756 752 753 749
851 851 849 852 854 850 855 848 850 850 850 855 850 850 852 841 595 599 595 581 576 577 570 558 564 570 571 576 576 594 590 876 840 836 838 834 834 832 839 830 622 613 601 598 595 592 585 587 584 579 585 586 605 678 823 822 825 809 816 784 774 773 772 771 777 770 770 770 773 768 767 770 766 765 766 760 765 762 761 763 761
861 868 868 863 861 861 860 866 867 860 863 861 862 853 860 852 667 603 599 587 590 584 577 573 582 578 586 582 588 586 598 818 849 845 848 845 852 855 843 820 628 616 615 606 607 603 601 598 593 590 591 608 609 656 836 835 838 827 823 795 791 783 786 790 786 787 788 786 787 784 780 782 783 779 777 775 778 776 772 774 778
883 876 887 883 884 881 877 878 877 876 870 880 881 871 875 870 641 611 616 605 604 588 593 589 595 589 592 589 597 602 615 859 869 864 864 864 861 863 861 750 625 624 621 623 612 621 610 617 605 613 604 609 611 638 856 849 848 843 839 812 798 802 802 799 800 797 797 796 795 794 797 796 791 793 793 790 789 788 787 788 784
898 894 897 894 898 892 890 888 889 889 888 888 885 895 881 882 650 638 620 611 608 600 601 608 596 606 601 596 604 609 932 873 879 873 875 877 875 869 867 686 644 627 626 630 624 627 631 624 621 624 617 613 619 640 857 853 864 862 858 824 813 812 810 807 812 808 811 807 808 808 807 800 804 806 807 805 805 804 795 805 803
906 911 905 910 904 912 908 905 901 907 898 899 902 901 905 809 639 622 626 612 609 613 609 602 610 613 615 611 628 620 916 893 890 891 892 883 885 893 877 684 644 639 637 635 633 634 632 633 633 636 631 630 640 643 870 878 866 872 875 835 830 828 823 828 820 818 822 822 815 816 817 817 814 818 814 813 813 818 811 807 818
930 916 917 921 923 920 920 925 918 916 918 910 917 913 911 858 641 641 630 624 624 624 626 619 624 621 623 620 636 636 857 899 910 902 902 901 904 898 883 684 669 656 642 650 640 641 641 640 640 642 641 639 642 659 871 901 888 883 874 852 842 839 842 838 833 837 831 833 830 837 829 831 832 830 830 829 821 825 827 831 826
922 929 932 930 944 933 924 940 936 932 935 936 925 930 928 869 654 648 641 640 634 635 631 625 628 628 631 633 630 646 912 919 915 927 914 910 926 913 884 690 673 670 654 656 658 650 654 655 654 645 652 644 650 666 896 891 904 904 887 857 850 848 853 849 849 850 846 842 839 847 843 845 844 839 840 839 844 838 839 841 842
954 943 945 942 942 941 952 950 941 936 949 939 946 927 943 1040 667 652 651 646 644 650 645 648 645 642 643 652 656 647 873 921 929 933 913 918 930 935 818 694 684 679 664 661 662 667 662 659 662 664 668 667 671 683 888 904 908 923 899 870 865 863 860 864 860 863 857 865 857 857 855 857 855 858 857 851 850 858 853 849 852
961 953 948 950 956 959 961 948 952 954 954 956 965 956 942 737 665 670 667 653 657 652 660 657 654 642 656 647 657 674 940 939 941 934 942 927 934 930 745 699 694 694 672 677 678 676 679 673 673 680 670 667 678 700 915 939 902 912 912 881 878 879 874 874 875 871 875 875 876 870 874 871 865 869 866 865 865 867 863 864 861
973 966 954 966 971 959 958 970 959 966 974 966 956 964 921 706 681 674 673 676 671 662 665 668 663 667 671 662 677 664 899 942 934 954 943 939 943 933 728 708 708 699 691 677 694 693 684 685 690 689 687 684 705 925 932 926 941 924 926 888 894 889 889 887 889 888 891 888 882 885 880 888 881 882 881 882 885 874 872 876 877
982 973 980 979 982 973 981 970 969 965 962 963 960 984 857 704 705 698 690 687 681 676 674 671 677 684 684 691 683 692 924 946 955 955 945 950 945 926 737 723 713 707 697 694 691 704 699 699 695 697 698 696 715 923 937 938 926 944 925 907 899 901 898 899 901 903 896 901 899 893 899 894 897 896 891 894 893 893 895 892 891
979 986 996 992 976 990 985 976 981 986 974 980 973 977 825 708 709 699 689 702 700 682 683 679 692 685 693 694 696 707 919 948 973 964 946 952 961 856 731 727 722 717 717 707 698 708 702 710 713 708 706 718 737 923 954 958 932 942 923 916 913 912 913 910 911 908 909 910 909 908 906 910 908 906 905 913 907 908 906 906 911
993 995 999 1002 996 995 986 986 990 987 966 987 981 975 885 713 713 710 719 703 704 700 704 695 688 703 701 714 721 720 856 951 965 963 975 962 972 843 747 729 738 734 720 711 707 714 718 715 715 719 717 738 770 946 943 966 939 938 942 929 928 924 930 924 921 920 920 926 919 924 921 922 916 922 911 915 918 915 919 915 918
994 1001 1000 997 995 988 999 993 982 988 990 1001 991 992 924 739 732 722 722 709 709 709 710 703 695 709 708 704 718 737 831 974 969 976 979 966 980 866 745 739 739 741 747 731 726 730 722 733 732 733 733 752 812 946 941 940 958 955 951 941 939 945 942 931 937 935 936 932 934 931 937 931 930 928 929 931 929 930 927 927 921
1003 1003 1007 1008 1004 1003 1011 1010 987 1011 1001 1005 1000 1001 914 752 741 734 730 727 721 713 715 714 717 713 727 730 730 736 829 969 989 993 984 986 979 841 753 747 760 752 751 744 727 732 740 740 741 752 745 766 850 969 962 954 959 965 964 950 948 942 948 951 942 947 953 943 946 941 938 939 943 940 932 945 939 945 937 927 941
1015 1026 1015 1004 1010 1014 999 1003 1011 1006 1004 998 1007 1010 951 754 757 739 738 732 725 731 730 732 735 747 733 743 747 757 781 976 976 976 992 981 948 815 757 760 763 753 762 755 738 747 741 742 754 767 762 776 884 946 958 970 977 973 948 955 960 961 966 958 960 953 958 957 950 953 954 955 954 948 943 947 955 942 941 951 937
1024 1020 1014 1025 1024 1009 1012 1019 1021 1028 1010 1013 1011 1015 951 784 761 763 752 742 739 737 741 738 744 752 747 757 762 762 814 985 977 970 989 991 969 794 777 767 765 771 766 765 750 754 750 768 758 763 777 785 913 977 973 965 970 975 963 967 975 968 961 971 978 957 963 961 963 964 961 960 968 963 972 965 952 955 963 969 950
1043 1022 1042 1025 1038 1036 1021 1028 1025 1017 1011 1022 1015 1017 977 805 763 772 755 755 750 742 751 753 764 760 760 782 779 773 833 964 967 1004 988 999 967 807 783 781 776 772 774 778 759 761 761 767 765 772 779 806 996 985 981 970 976 981 958 968 955 962 969 974 974 982 966 960 969 976 977 965 969 972 967 977 979 968 969 972 965
1034 1026 1029 1038 1027 1028 1032 1036 1040 1029 1024 1030 1019 1005 965 803 800 786 770 764 756 762 764 776 777 791 797 782 785 780 844 987 993 989 994 999 960 832 791 783 797 781 784 790 777 776 766 770 779 775 780 877 956 982 1004 981 977 997 973 980 984 979 975 991 975 973 980 973 974 973 991 979 973 984 974 975 979 986 965 965 977
1057 1054 1033 1047 1046 1042 1050 1049 1036 1024 1028 1023 1035 1028 947 849 814 793 779 769 767 774 779 793 785 797 812 786 794 804 884 989 981 994 1001 1007 981 838 792 795 797 794 788 795 798 786 783 772 798 795 803 953 992 1000 1001 995 981 988 990 988 984 985 998 989 981 984 1003 997 998 975 985 986 977 975 991 977 976 982 975 987 984
1060 1052 1041 1040 1043 1023 1035 1045 1048 1049 1052 1029 1035 1031 963 857 826 787 793 785 770 792 806 815 803 805 791 802 804 804 914 993 1014 1019 1015 998 976 849 809 811 806 817 805 805 800 797 794 780 794 795 864 980 997 1000 1004 1001 984 996 1009 1010 991 999 994 1001 984 1002 1008 986 982 993 998 991 990 987 983 994 990 992 990 991 978
1063 1064 1050 1035 1060 1050 1052 1021 1038 1059 1042 1029 1018 1026 1000 884 829 819 805 799 816 806 806 811 816 809 821 813 812 831 950 1002 1009 1006 999 1006 974 840 817 816 822 816 813 806 807 817 802 803 791 837 983 1000 971 975 979 1015 1019 1004 1022 999 1008 987 1009 1006 1007 984 1002 996 996 995 1007 1006 993 997 1015 1002 997 985 1000 996 994
1068 1065 1065 1045 1060 1052 1047 1058 1045 1041 1043 1030 1022 1035 996 909 842 852 809 814 818 825 822 821 829 818 823 820 824 837 971 1019 1006 1005 1013 1034 966 835 828 823 822 822 821 822 807 828 818 817 826 900 1003 998 1005 992 990 994 1009 1020 991 1003 1019 1009 1007 1018 996 1007 1001 1000 987 1003 1000 995 1018 1020 1007 1000 1020 1007 1007 996 1015
1066 1061 1047 1059 1050 1041 1064 1038 1060 1040 1061 1055 1051 1060 1032 912 859 853 829 825 832 836 842 828 824 828 838 826 836 850 981 1008 998 1027 1001 1013 930 847 843 836 831 834 844 825 829 831 833 818 836 956 1002 1004 987 1006 1000 1004 1010 1005 1001 998 1010 1011 993 1013 1014 1005 1034 1019 1006 1014 1014 1013 1020 1010 1020 1020 1013 1017 1012 1013 1019
1060 1077 1048 1036 1045 1059 1050 1065 1047 1037 1049 1060 1044 1055 1022 937 865 854 844 845 856 830 837 843 842 839 835 842 849 876 993 1015 1001 1011 991 973 865 851 844 849 842 845 844 846 835 833 836 840 868 993 1002 1002 1007 982 1000 1002 1018 989 999 982 993 1022 1022 1016 1012 1017 997 1033 1009 997 1023 1039 1027 1030 1023 1007 1027 1013 1028 1018 1009
1076 1076 1066 1073 1071 1092 1048 1061 1061 1074 1048 1042 1066 1039 1032 888 864 856 847 853 849 839 842 847 853 850 853 846 839 911 991 980 1001 1015 979 900 876 854 860 858 849 848 852 855 853 832 850 845 903 1003 996 982 999 1021 1009 1020 1029 1017 1004 1012 1012 1014 1004 1007 1025 1015 1010 1034 1014 1014 1030 1012 1012 1015 1032 1031 1017 1014 1030 1043 1017
1097 1059 1050 1083 1079 1054 1064 1049 1056 1066 1060 1068 1068 979 898 884 860 852 861 853 859 855 852 865 853 859 858 860 866 954 973 1029 992 1037 918 870 850 864 880 853 858 859 862 866 854 862 860 862 926 1012 1008 1011 1019 981 1018 1006 1019 1040 1020 1017 1031 1040 1029 1027 1019 1022 1030 1005 1035 1019 1025 1022 1020 1031 1032 1015 1014 1020 1026 1029 1037
1078 1094 1068 1083 1072 1072 1080 1076 1073 1060 1070 1064 998 908 871 879 880 865 870 873 869 866 863 858 868 876 874 871 891 1004 1027 1022 1000 989 907 900 876 877 881 873 874 874 873 859 874 859 858 873 963 998 1000 1023 1021 1012 1005 1039 1018 1047 999 1032 1024 1028 1037 1035 1034 1021 1029 1034 1027 1028 1016 1041 1053 1046 1026 1048 1031 1033 1017 1051 1029
1074 1073 1080 1084 1082 1082 1078 1076 1065 1088 1073 1074 933 908 895 893 874 897 879 863 875 864 877 870 880 881 886 900 964 1019 1019 1011 1016 1007 907 895 891 899 888 889 876 903 892 893 884 876 884 893 948 1006 1007 993 1018 1027 1003 1015 1022 1005 1012 1033 1022 1017 1031 1036 1050 1034 1023 1037 1047 1050 1027 1049 1045 1043 1078 1064 1035 1033 1069 1049 1044
1070 1101 1082 1076 1060 1053 1065 1066 1081 1098 1073 1047 991 927 901 903 890 907 904 898 880 879 882 883 881 888 890 899 985 1010 1024 1010 1021 987 931 905 899 913 892 912 901 895 904 889 881 895 886 890 949 981 1010 1022 1017 1034 1012 1003 1032 1014 1011 1029 1033 1013 1048 1035 1029 1021 1048 1037 1048 1065 1026 1052 1055 1064 1073 1050 1026 1032 1036 1066 1013
1064 1091 1066 1098 1071 1113 1073 1114 1077 1093 1070 1073 1041 974 908 933 903 893 893 899 891 906 912 897 897 892 901 938 993 1044 1051 1020 1004 1006 946 910 906 920 926 905 928 896 894 907 888 915 905 900 933 921 989 1017 1021 1007 1020 1013 1040 1035 1018 1050 1052 1055 1040 1039 1038 1062 1030 1074 1053 1095 1046 1052 1045 1039 1033 1056 1032 1070 1055 1070 1074
1158 1096 1095 1083 1084 1080 1079 1124 1061 1091 1106 1056 967 917 917 904 909 921 913 909 903 907 913 895 907 905 928 1011 1041 1003 993 1027 1015 1062 957 936 902 907 906 912 912 904 908 908 912 902 911 895 906 941 997 1015 1032 1013 1015 1041 994 1009 1038 1048 1045 1048 1069 1030 1065 1063 1026 1028 1031 1078 1072 1058 1079 1024 1059 1077 1064 1023 1068 1067 1058
1092 1085 1084 1070 1105 1111 1073 1113 1064 1075 1042 980 955 945 932 918 919 911 939 918 927 924 921 916 916 914 1001 1007 1008 1040 1006 1052 1042 1019 1011 949 942 930 918 928 932 920 925 911 902 927 916 923 945 947 997 1009 1023 1013 1013 1043 1038 1018 1030 1037 1054 1046 1027 1075 1053 1018 1043 1056 1085 1067 1097 1066 1049 1074 1046 1046 1037 1073 1098 1077 1063
1112 1111 1102 1107 1100 1025 1096 1064 1068 1040 997 953 949 939 940 932 938 937 941 933 921 943 924 928 954 935 989 1016 1010 1004 1006 1038 1010 1013 1023 966 938 953 948 948 926 922 898 916 926 911 936 910 921 980 1043 1021 1055 1043 1004 1013 1042 1016 1031 1001 1080 1063 1090 1059 1065 1049 1063 1074 1047 1135 1032 1028 1074 1092 1054 1052 1034 1087 1040 1044 1055
1123 1125 1139 1099 1084 1077 1065 1097 1048 1000 971 952 966 967 945 941 938 926 943 938 955 935 944 953 932 992 1015 1025 996 1041 1028 1010 1001 1024 990 971 946 973 955 960 927 927 936 934 935 937 943 942 954 992 977 1010 989 1007 1029 1027 1027 1043 1006 1041 1034 1062 1035 1039 1057 1041 1045 1090 1091 1064 1085 1039 1080 1087 1041 1061 1125 1080 1072 1072 1084
