3177 3178 3175 3170 3176 3171 3172 3174 3167 3171 3161 3164 3170 3159 3165 3166 3163 3163 3161 3160 3162 3160 3156 3133 3151 3154 3145 3149 3149 3146 3139 3142 3144 3135 3136 3135 3126 3130 3127 3134 3112 3121 3110 3112 3122 3114 3120 3117 3122 3123 3120 3113 3117 3115 3113 3111 3115 3109 3115 3106 3105 3112 3113 3104 3106 3104 3101 3102 3108 3110 3100 3097 3102 3102 3095 3104 3097 3093 3109 3105 3096
3175 3177 3177 3182 3174 3174 3170 3170 3164 3165 3172 3172 3170 3162 3162 3153 3156 3167 3162 3161 3169 3152 3147 3159 3157 3153 3160 3150 3148 3150 3142 3128 3138 3137 3135 3131 3141 3131 3117 3129 3122 3125 3125 3120 3118 3112 3115 3123 3116 3114 3113 3125 3119 3117 3116 3113 3116 3116 3114 3110 3112 3106 3106 3109 3111 3103 3109 3104 3105 3111 3102 3101 3116 3099 3100 3100 3093 3095 3093 3096 3077
3177 3175 3179 3171 3179 3172 3170 3174 3173 3160 3166 3167 3170 3161 3161 3158 3166 3163 3162 3166 3159 3152 3151 3158 3146 3150 3148 3147 3146 3140 3149 3139 3144 3136 3148 3136 3141 3129 3142 3125 3121 3126 3128 3128 3124 3131 3127 3124 3123 3116 3117 3121 3114 3112 3116 3116 3115 3112 3118 3118 3109 3112 3107 3103 3108 3099 3111 3104 3098 3108 3102 3104 3093 3101 3099 3109 3113 3115 3101 3095 3092
3178 3169 3172 3180 3177 3172 3175 3170 3178 3170 3161 3167 3161 3159 3163 3157 3165 3154 3160 3151 3156 3153 3160 3156 3158 3154 3156 3154 3150 3147 3144 3152 3145 3145 3129 3132 3138 3131 3136 3138 3126 3122 3126 3115 3137 3134 3148 3128 3112 3115 3125 3117 3117 3116 3118 3118 3115 3111 3115 3116 3098 3104 3105 3108 3118 3112 3113 3109 3110 3108 3103 3102 3107 3099 3107 3098 3101 3101 3102 3100 3102
3178 3181 3185 3173 3176 3176 3176 3172 3177 3171 3178 3162 3168 3169 3165 3158 3158 3163 3164 3157 3157 3156 3160 3157 3156 3153 3153 3158 3142 3140 3145 3140 3142 3122 3149 3139 3144 3132 3114 3133 3129 3119 3117 3133 3137 -1 -1 -1 -1 -1 3139 3071 3116 3115 3127 3116 3116 3117 3113 3107 3110 3110 3109 3111 3113 3106 3109 3104 3112 3107 3102 3105 3102 3103 3108 3102 3098 3095 3103 3095 3098
3185 3179 3181 3176 3180 3168 3173 3174 3165 3171 3173 3175 3176 3165 3169 3164 3159 3162 3159 3164 3157 3153 3155 3161 3153 3156 3148 3147 3149 3153 3155 3138 3145 3139 3139 3129 3135 3138 3132 3134 3132 3128 3149 -1 -1 -1 2139 2118 -1 -1 -1 -1 -1 3119 3114 3117 3121 3113 3114 3115 3107 3116 3111 3106 3113 3105 3108 3110 3114 3119 3096 3105 3111 3106 3099 3106 3105 3101 3110 3108 3102
3177 3183 3182 3177 3177 3179 3176 3171 3171 3171 3168 3167 3168 3167 3167 3171 3161 3165 3161 3159 3156 3162 3155 3159 3163 3149 3155 3158 3152 3152 3146 3142 3144 3136 3140 3133 3133 3138 3134 3143 3125 -1 -1 -1 2146 -1 2221 -1 2237 2084 -1 -1 -1 -1 3118 3120 3118 3117 3114 3118 3120 3109 3113 3112 3116 3106 3108 3112 3101 3113 3106 3106 3106 3107 3109 3101 3099 3103 3102 3107 3092
3179 3176 3178 3179 3179 3174 3174 3176 3171 3172 3169 3170 3162 3169 3170 3166 3165 3161 3164 3167 3158 3157 3158 3158 3154 3154 3155 3154 3150 3157 3146 3149 3139 3149 3140 3145 3140 3144 3148 3116 3163 -1 -1 2133 -1 -1 2176 -1 -1 2152 -1 2129 -1 -1 3119 3120 3120 3120 3120 3114 3118 3113 3111 3108 3115 3115 3118 3108 3112 3112 3108 3102 3103 3106 3113 3116 3109 3105 3104 3098 3111
3183 3178 3180 3181 3175 3172 3177 3170 3170 3172 3170 3174 3164 3154 3162 3168 3163 3157 3157 3167 3157 3157 3162 3161 3150 3162 3152 3154 3153 3148 3145 3147 3144 3136 3152 3148 3136 3149 3131 -1 3067 3160 -1 2206 2198 -1 -1 -1 -1 2100 2078 2131 2142 -1 3138 3115 3116 3118 3119 3114 3115 3119 3115 3113 3113 3115 3109 3107 3112 3111 3115 3108 3112 3112 3103 3114 3108 3116 3112 3102 3103
3182 3180 3177 3175 3176 3169 3169 3177 3174 3173 3171 3166 3170 3165 3172 3165 3168 3165 3163 3162 3166 3160 3165 3156 3160 3161 3153 3154 3150 3154 3151 3153 3145 3145 3145 3143 3145 3139 3148 -1 -1 -1 2195 2200 2146 2153 2133 2135 2150 2135 2120 2155 2135 2227 -1 3122 3120 3116 3119 3119 3117 3114 3118 3115 3108 3114 3111 3109 3109 3113 3107 3105 3109 3105 3111 3106 3103 3104 3105 3108 3100
3178 3185 3178 3181 3185 3177 3176 3175 3172 3176 3171 3172 3167 3170 3170 3173 3171 3163 3162 3164 3158 3167 3159 3156 3158 3156 3153 3148 3162 3145 3151 3153 3150 3142 3132 3140 3148 -1 3131 2181 2164 2171 2161 2141 2141 2151 2128 2122 2130 2156 2133 2169 2158 2241 2183 3138 3119 3120 3117 3122 3116 3118 3118 3112 3117 3113 3110 3110 3108 3109 3105 3105 3116 3111 3107 3109 3105 3104 3106 3109 3108
3177 3188 3180 3184 3179 3167 3172 3173 3173 3175 3175 3169 3170 3173 3168 3169 3166 3166 3165 3159 3172 3166 3167 3158 3164 3155 3162 3159 3154 3151 3143 3154 3150 3153 3136 3139 3144 -1 -1 2165 2156 2176 2139 2157 2139 2139 2141 2133 2101 2128 2119 2146 2146 2093 2176 3119 3124 3119 3120 3117 3119 3120 3117 3114 3114 3117 3108 3111 3109 3108 3111 3112 3111 3110 3101 3107 3114 3114 3108 3104 3094
3191 3185 3182 3184 3178 3175 3179 3173 3171 3180 3174 3170 3170 3169 3173 3168 3170 3164 3164 3166 3162 3157 3168 3152 3161 3160 3157 3153 3159 3154 3153 3149 3153 3147 3148 3134 3143 3096 2213 2197 2174 2164 2173 2151 2141 2119 2128 2132 2133 2138 2137 2134 2165 2163 2216 3111 3124 3121 3118 3116 3118 3125 3116 3116 3112 3112 3114 3112 3115 3115 3112 3104 3105 3108 3110 3110 3105 3108 3108 3113 3106
3187 3187 3184 3177 3179 3173 3177 3179 3181 3180 3175 3170 3176 3171 3169 3172 3169 3167 3168 3166 3165 3164 3161 3157 3151 3160 3157 3151 3152 3153 3155 3146 3149 3151 3150 3148 3145 3137 2178 2190 2153 2147 2145 2155 2137 2137 2140 2139 2111 2133 2149 2132 2169 2137 2133 -1 3122 3120 3120 3118 3121 3121 3114 3116 3119 3113 3113 3116 3114 3112 3114 3113 3110 3110 3108 3108 3109 3104 3107 3109 3107
3186 3184 3189 3188 3178 3181 3176 3174 3177 3174 3170 3170 3173 3170 3173 3172 3167 3165 3175 3164 3160 3162 3162 3149 3152 3159 3152 3156 3158 3148 3143 3151 3151 3150 3147 3146 3136 -1 2131 2174 2178 2150 2136 2148 2142 2132 2098 2124 2126 2139 2138 2139 2133 2130 2167 3105 3126 3119 3121 3116 3117 3115 3118 3118 3113 3120 3113 3109 3112 3114 3110 3112 3107 3107 3107 3112 3107 3106 3104 3108 3108
3185 3185 3180 3180 3177 3178 3175 3179 3173 3176 3181 3172 3176 3171 3164 3175 3169 3166 3160 3158 3166 3161 3162 3159 3158 3162 3155 3161 3152 3154 3161 3148 3154 3152 3146 3149 3003 2203 2225 2166 2172 2144 2143 2149 2144 2140 2138 2141 2133 2138 2135 2133 2146 2133 -1 3108 3122 3123 3122 3120 3120 3117 3121 3119 3117 3113 3115 3116 3113 3115 3115 3110 3109 3111 3105 3111 3105 3109 3110 3109 3108
3185 3185 3188 3182 3188 3183 3175 3181 3175 3176 3173 3174 3170 3172 3170 3171 3162 3176 3169 3170 3170 3163 3156 3159 3163 3165 3158 3164 3158 3149 3152 3151 3148 3151 3147 3142 -1 2247 2202 2152 2158 2168 2148 2142 2134 2143 2127 2132 2141 2138 2135 2134 2139 2225 -1 3128 3123 3120 3118 3120 3120 3118 3118 3121 3117 3120 3116 3119 3110 3114 3112 3113 3115 3114 3112 3109 3106 3109 3111 3106 3104
3189 3189 3189 3186 3183 3183 3180 3173 3177 3179 3177 3172 3171 3172 3173 3174 3166 3167 3170 3163 3169 3161 3162 3166 3159 3161 3161 3155 3159 3161 3157 3160 3149 3152 3149 3146 2243 2206 2175 2198 2163 2165 2149 2177 2147 2147 2139 2136 2163 2160 2131 2137 2137 2096 -1 3125 3126 3123 3121 3125 3122 3122 3123 3117 3110 3114 3115 3117 3110 3115 3115 3115 3108 3109 3110 3110 3111 3112 3108 3109 3108
3188 3187 3186 3187 3186 3176 3177 3176 3175 3173 3170 3173 3173 3171 3180 3174 3172 3168 3170 3167 3166 3170 3166 3164 3166 3160 3161 3156 3150 3160 3160 3152 3150 3152 3151 -1 2253 2247 2198 2167 2178 2163 2160 2155 2158 2161 2160 2144 2141 2134 2148 2156 2175 2133 -1 3128 3124 3123 3122 3120 3116 3122 3125 3117 3122 3115 3119 3114 3113 3116 3115 3114 3112 3114 3111 3112 3109 3115 3110 3105 3108
3191 3193 3193 3188 3186 3177 3175 3185 3187 3183 3182 3175 3179 3181 3171 3176 3172 3174 3167 3166 3168 3166 3161 3167 3158 3166 3159 3160 3149 3158 3151 3154 3155 3158 3154 -1 2247 2254 2202 2169 2171 2159 2153 2165 2159 2135 2135 2144 2143 2140 2151 2142 2152 2187 -1 3126 3126 3125 3123 3122 3119 3121 3121 3116 3117 3119 3117 3117 3114 3118 3115 3111 3118 3114 3111 3119 3113 3106 3111 3111 3113
3185 3190 3191 3183 3184 3189 3181 3187 3181 3177 3172 3176 3174 3177 3174 3171 3173 3170 3168 3169 3171 3163 3170 3163 3158 3167 3163 3157 3158 3158 3159 3152 3149 3159 3156 -1 2251 2205 2176 2194 2157 2168 2156 2156 2155 2156 2145 2170 2131 2141 2151 2131 2163 2201 -1 3128 3129 3123 3121 3127 3120 3124 3121 3119 3124 3122 3116 3118 3119 3115 3117 3112 3116 3115 3116 3117 3116 3109 3108 3114 3110
3189 3187 3187 3196 3188 3188 3185 3188 3182 3181 3181 3176 3184 3180 3182 3181 3174 3171 3172 3172 3168 3164 3167 3167 3159 3163 3164 3160 3162 3159 3160 3165 3157 3155 3150 -1 2252 2253 2223 2192 2170 2163 2158 2175 2163 2114 2135 2139 2144 2156 2141 2145 2182 2241 -1 3128 3126 3126 3124 3126 3124 3120 3119 3124 3119 3123 3118 3114 3117 3115 3115 3115 3113 3111 3118 3115 3112 3114 3114 3111 3119
3193 3193 3192 3187 3186 3193 3194 3187 3183 3186 3184 3184 3178 3176 3186 3177 3179 3169 3179 3178 3168 3165 3166 3163 3170 3166 3170 3160 3162 3165 3158 3155 3156 3155 3146 3123 2255 2258 2218 2208 2195 2170 2159 2153 2148 2150 2118 2130 2136 2144 2147 2159 2197 2250 -1 3126 3128 3124 3125 3125 3122 3122 3123 3121 3117 3121 3120 3120 3119 3121 3120 3120 3118 3122 3114 3116 3116 3115 3117 3106 3118
3189 3192 3193 3186 3199 3186 3192 3193 3189 3186 3183 3178 3181 3179 3177 3190 3171 3172 3177 3174 3170 3170 3164 3165 3167 3154 3165 3161 3158 3157 3152 3160 3157 3151 3155 3128 -1 2252 2219 2209 2186 2165 2156 2145 2146 2164 2142 2131 2156 2141 2177 2180 2213 2272 3119 3130 3129 3129 3125 3124 3126 3126 3120 3123 3124 3120 3120 3120 3120 3117 3116 3114 3119 3115 3114 3115 3119 3115 3117 3110 3117
3199 3193 3190 3195 3190 3197 3193 3193 3184 3186 3186 3185 3185 3175 3178 3177 3177 3183 3170 3168 3173 3177 3168 3176 3165 3167 3159 3165 3162 3160 3158 3153 3158 3160 3155 3153 3146 3117 2214 2210 2169 2186 2148 2160 2172 2157 2156 2168 2150 2163 2156 2152 2247 3115 3131 3128 3127 3122 3125 3123 3127 3123 3123 3122 3120 3121 3122 3118 3120 3122 3118 3119 3117 3118 3118 3118 3116 3112 3116 3117 3116
3195 3197 3200 3201 3196 3190 3192 3191 3190 3177 3181 3190 3182 3179 3180 3184 3178 3171 3180 3183 3170 3180 3173 3176 3166 3174 3168 3158 3163 3164 3162 3158 3164 3156 3150 3152 3154 3066 2209 2208 2174 2171 2157 2152 2154 2165 2149 2149 2141 2146 2176 2164 3117 3136 3137 3127 3128 3125 3128 3128 3128 3126 3128 3122 3122 3121 3125 3117 3122 3120 3115 3123 3123 3120 3117 3119 3117 3116 3116 3118 3117
3195 3205 3193 3191 3191 3194 3184 3195 3192 3190 3195 3186 3181 3182 3185 3175 3173 3173 3181 3178 3172 3177 3170 3172 3170 3171 3172 3171 3166 3165 3155 3162 3161 3161 3151 3156 3147 3151 2224 2218 2168 2170 2170 2197 2148 2143 2173 2171 2199 2168 2164 2178 3119 3128 3132 3129 3127 3132 3127 3132 3128 3126 3127 3119 3120 3127 3123 3124 3122 3120 3124 3121 3123 3121 3114 3117 3120 3116 3114 3114 3115
3202 3201 3202 3198 3197 3189 3195 3194 3193 3192 3190 3196 3193 3181 3186 3189 3176 3181 3182 3178 3174 3181 3174 3173 3168 3179 3172 3164 3165 3170 3167 3161 3155 3151 3157 3162 3151 3142 2253 2183 2219 2185 2183 2182 2159 2146 2169 2150 2183 2162 2185 2224 3132 3130 3127 3129 3131 3126 3126 3128 3126 3132 3127 3124 3127 3124 3127 3123 3125 3122 3124 3122 3124 3123 3124 3118 3118 3114 3116 3119 3117
3201 3201 3199 3203 3193 3180 3195 3197 3191 3200 3196 3183 3193 3190 3191 3182 3178 3186 3182 3176 3168 3172 3175 3173 3172 3170 3168 3169 3162 3168 3158 3162 3157 3167 3157 3156 3160 3156 3107 2217 2210 2225 2162 2193 2176 2163 2149 2171 2179 2184 2179 -1 3128 3132 3134 3129 3132 3130 3128 3131 3130 3129 3127 3126 3129 3125 3122 3121 3126 3122 3125 3121 3121 3120 3122 3121 3120 3121 3121 3115 3119
3209 3207 3206 3198 3197 3196 3197 3198 3195 3196 3194 3193 3189 3190 3185 3185 3184 3191 3177 3191 3175 3178 3167 3175 3169 3174 3168 3165 3169 3170 3165 3163 3160 3155 3161 3152 3158 3145 -1 -1 2256 2200 2168 2175 2164 2165 2167 2174 2177 2156 -1 3125 3133 3134 3130 3130 3130 3130 3128 3127 3129 3125 3129 3124 3125 3128 3126 3126 3125 3124 3125 3126 3125 3124 3122 3122 3124 3118 3123 3116 3116
3203 3196 3206 3199 3200 3191 3200 3194 3193 3197 3186 3181 3191 3188 3190 3193 3184 3183 3183 3184 3180 3186 3178 3182 3178 3172 3174 3170 3172 3163 3171 3166 3166 3160 3162 3156 3161 3154 -1 2276 2234 2231 2186 2178 2173 2177 2171 2172 2154 2245 2225 3117 3136 3136 3133 3131 3131 3133 3131 3131 3131 3132 3125 3128 3126 3127 3125 3127 3126 3124 3127 3123 3125 3120 3123 3124 3124 3122 3123 3122 3119
3203 3206 3198 3200 3204 3200 3196 3195 3196 3192 3189 3194 3196 3192 3191 3184 3188 3193 3183 3186 3182 3183 3172 3181 3171 3167 3175 3174 3159 3171 3168 3171 3165 3159 3160 3161 3162 3145 2307 2225 2259 2219 2227 2217 2208 2190 2203 2227 2221 2252 2238 3130 3135 3136 3131 3130 3131 3132 3129 3130 3128 3126 3130 3126 3129 3130 3125 3129 3129 3123 3127 3125 3125 3125 3125 3121 3122 3118 3117 3124 3122
3208 3211 3206 3202 3206 3200 3207 3204 3196 3197 3199 3195 3194 3195 3183 3191 3188 3181 3188 3189 3184 3180 3178 3174 3175 3178 3169 3171 3167 3168 3165 3167 3167 3161 3163 3156 3160 3158 -1 2238 2239 2238 2220 2207 2216 2226 2217 2233 2224 2211 2274 3141 3135 3139 3133 3130 3136 3130 3133 3132 3131 3129 3129 3126 3127 3129 3129 3128 3129 3125 3123 3126 3121 3123 3123 3126 3125 3125 3124 3117 3122
3207 3204 3211 3207 3207 3211 3198 3203 3194 3202 3196 3200 3199 3202 3192 3189 3187 3196 3187 3182 3186 3185 3187 3176 3175 3178 3176 3175 3172 3169 3169 3166 3164 3165 3158 3151 3157 3134 2313 2261 2238 2228 2219 2219 2218 2208 2220 2214 2227 2217 2257 3147 3137 3144 3138 3131 3131 3137 3130 3132 3132 3130 3131 3131 3128 3132 3128 3129 3128 3128 3122 3129 3126 3123 3127 3124 3121 3124 3125 3119 3122
3202 3210 3206 3213 3209 3210 3202 3199 3202 3198 3195 3196 3193 3193 3198 3198 3193 3188 3186 3179 3194 3195 3188 3180 3175 3178 3173 3174 3176 3174 3166 3165 3162 3172 3159 3162 3167 -1 2251 2251 2242 2256 2219 2227 2218 2223 2217 2216 2232 2222 2249 3126 3132 3136 3132 3135 3138 3133 3133 3133 3134 3128 3132 3135 3131 3130 3128 3129 3127 3129 3127 3128 3128 3124 3128 3124 3128 3122 3124 3126 3125
3210 3211 3202 3200 3201 3210 3204 3205 3204 3203 3198 3195 3198 3194 3192 3194 3191 3193 3190 3188 3181 3189 3175 3186 3177 3178 3174 3170 3186 3172 3174 3169 3171 3162 3157 3163 3142 2307 2253 2255 2241 2239 2237 2225 2224 2219 2211 2226 2217 2224 2242 -1 3127 3134 3137 3129 3137 3136 3127 3136 3134 3131 3131 3134 3129 3131 3130 3131 3129 3130 3129 3125 3128 3126 3126 3121 3126 3125 3126 3124 3126
3208 3212 3213 3212 3205 3196 3207 3203 3203 3201 3198 3193 3198 3196 3196 3196 3194 3190 3198 3190 3195 3177 3185 3184 3177 3183 3177 3179 3183 3169 3168 3175 3161 3156 3155 3105 2330 2273 2224 2256 2255 2228 2230 2224 2221 2209 2224 2235 2226 2231 2250 2256 -1 3085 3136 3137 3134 3137 3137 3131 3133 3140 3132 3133 3134 3131 3132 3130 3131 3132 3133 3129 3129 3132 3127 3124 3126 3122 3128 3126 3122
3211 3207 3213 3207 3209 3206 3204 3207 3199 3208 3200 3201 3202 3205 3196 3199 3194 3194 3192 3193 3182 3185 3180 3182 3176 3180 3176 3183 3178 3181 3172 3163 3054 -1 2313 2283 2270 2259 2256 2239 2223 2228 2222 2232 2220 2211 2217 2237 2237 2242 2233 2248 2259 2270 -1 3130 3135 3136 3135 3135 3130 3131 3132 3132 3129 3131 3130 3134 3132 3128 3130 3129 3128 3130 3125 3126 3127 3126 3129 3125 3126
3212 3221 3220 3210 3218 3210 3215 3207 3203 3202 3202 3207 3202 3207 3196 3200 3198 3195 3195 3188 3191 3194 3188 3194 3188 3186 3181 3181 3176 3177 3155 -1 2337 2292 2292 2292 2261 2250 2250 2238 2246 2236 2221 2223 2219 2217 2221 2217 2220 2235 2249 2244 2238 2248 2243 2283 3113 3143 3134 3134 3132 3131 3133 3137 3134 3133 3132 3131 3134 3129 3133 3132 3130 3130 3131 3132 3130 3125 3128 3126 3129
3212 3221 3213 3212 3212 3212 3202 3206 3208 3206 3200 3206 3205 3202 3205 3205 3189 3202 3198 3192 3191 3204 3187 3188 3188 3193 3183 3170 3167 3161 -1 2311 2283 2273 2261 2265 2268 2259 2253 2243 2243 2234 2240 2222 2223 2228 2225 2225 2227 2223 2224 2248 2232 2241 2234 2269 2265 -1 3114 3137 3137 3135 3135 3136 3133 3131 3131 3132 3134 3129 3132 3134 3131 3132 3131 3129 3125 3125 3127 3129 3127
3225 3215 3219 3210 3213 3207 3208 3219 3206 3208 3202 3204 3205 3201 3198 3205 3188 3197 3194 3188 3190 3192 3193 3185 3191 3175 3182 3173 -1 2341 2292 2318 2273 2262 2259 2254 2227 2249 2234 2240 2232 2258 2222 2222 2239 2223 2218 2232 2226 2231 2225 2235 2246 2242 2232 2251 2237 2244 2273 -1 -1 3123 3143 3130 3133 3132 3132 3134 3135 3133 3134 3133 3132 3131 3130 3133 3128 3130 3130 3132 3127
3218 3220 3213 3207 3214 3215 3209 3200 3214 3214 3205 3197 3208 3205 3200 3198 3197 3214 3201 3202 3201 3188 3190 3187 3184 3154 -1 2317 2304 2311 2283 2272 2265 2254 2247 2231 2237 2233 2227 2225 2228 2234 2220 2222 2221 2221 2223 2217 2219 2221 2237 2224 2230 2228 2229 2240 2244 2247 2240 2266 2273 2313 -1 3134 3134 3134 3133 3134 3136 3133 3134 3135 3131 3136 3134 3132 3126 3136 3134 3132 3132
3219 3222 3214 3220 3221 3206 3208 3214 3213 3205 3201 3207 3210 3201 3199 3202 3195 3202 3195 3196 3189 3186 3175 3166 -1 2301 2260 2254 2282 2264 2259 2257 2255 2250 2238 2228 2241 2241 2231 2223 2227 2224 2231 2223 2217 2220 2234 2220 2218 2219 2222 2220 2218 2217 2232 2232 2225 2238 2231 2247 2224 2244 2237 2275 -1 3123 3135 3135 3134 3133 3133 3134 3134 3133 3132 3132 3132 3126 3133 3135 3129
3224 3225 3220 3215 3218 3225 3211 3211 3214 3209 3208 3210 3202 3197 3212 3203 3197 3201 3200 3194 3194 3169 -1 2325 2286 2283 2277 2279 2234 2261 2258 2243 2245 2256 2256 2238 2225 2221 2220 2223 2222 2220 2221 2219 2224 2223 2217 2216 2221 2213 2223 2219 2222 2227 2212 2229 2232 2227 2235 2241 2237 2237 2244 2216 2247 2275 -1 3138 3134 3134 3135 3137 3133 3133 3134 3132 3134 3133 3131 3133 3135
3221 3227 3215 3220 3214 3216 3216 3217 3210 3209 3215 3210 3204 3216 3212 3208 3201 3209 3200 3197 3187 -1 2312 2283 2272 2273 2263 2260 2261 2247 2243 2232 2245 2233 2237 2227 2228 2227 2224 2217 2219 2219 2221 2220 2226 2225 2214 2220 2212 2208 2214 2216 2217 2227 2216 2215 2219 2225 2229 2228 2228 2223 2236 2226 2225 2237 2271 -1 3135 3136 3140 3134 3137 3135 3138 3132 3133 3137 3135 3131 3132
3224 3225 3221 3219 3220 3223 3216 3213 3220 3213 3214 3212 3212 3216 3210 3205 3206 3198 3193 3198 -1 2328 2297 2286 2262 2262 2257 2259 2257 2256 2264 2256 2247 2237 2233 2233 2227 2224 2223 2226 2226 2220 2219 2216 2215 2223 2212 2217 2223 2213 2220 2217 2215 2214 2216 2222 2232 2230 2231 2232 2227 2231 2227 2222 2235 2215 2250 2263 3126 3138 3134 3136 3136 3139 3132 3135 3136 3133 3134 3129 3130
3224 3229 3223 3232 3224 3220 3222 3223 3218 3216 3221 3215 3218 3209 3214 3209 3209 3202 3207 3174 2349 2292 2267 2268 2258 2256 2256 2258 2257 2259 2241 2231 2233 2233 2226 2223 2222 2218 2225 2220 2220 2214 2220 2214 2211 2214 2216 2213 2219 2212 2217 2217 2218 2211 2217 2222 2224 2222 2222 2227 2214 2227 2224 2228 2219 2224 2227 2246 -1 3135 3141 3134 3137 3135 3136 3136 3135 3135 3134 3136 3134
3230 3229 3228 3220 3223 3219 3219 3217 3226 3220 3215 3222 3214 3209 3213 3205 3205 3203 3208 -1 2347 2284 2279 2265 2241 2272 2266 2261 2250 2251 2240 2231 2243 2232 2230 2225 2224 2218 2216 2216 2215 2222 2210 2221 2221 2223 2207 2218 2214 2216 2221 2217 2207 2206 2217 2211 2212 2221 2217 2217 2218 2228 2232 2226 2229 2222 2230 2225 2254 3117 3138 3138 3137 3140 3140 3137 3134 3136 3139 3134 3134
3224 3228 3234 3232 3223 3226 3229 3222 3219 3217 3221 3222 3217 3219 3213 3204 3205 3212 3189 2354 2293 2267 2278 2267 2254 2255 2256 2258 2232 2247 2230 2237 2241 2220 2224 2220 2220 2221 2220 2219 2218 2209 2216 2220 2213 2214 2208 2210 2217 2204 2213 2213 2216 2208 2210 2207 2216 2220 2226 2232 2227 2219 2224 2221 2219 2227 2226 2230 2235 -1 3138 3139 3139 3139 3137 3138 3138 3135 3134 3142 3137
3231 3227 3228 3233 3225 3229 3227 3222 3224 3223 3218 3228 3219 3221 3224 3216 3217 3205 -1 2333 2277 2283 2263 2279 2253 2250 2248 2240 2254 2236 2234 2234 2231 2223 2224 2217 2214 2222 2220 2218 2210 2210 2212 2213 2210 2211 2209 2210 2205 2207 2214 2207 2217 2223 2211 2206 2210 2212 2220 2216 2219 2213 2228 2224 2219 2224 2232 2228 2239 2270 3141 3142 3141 3142 3138 3138 3138 3135 3139 3140 3139
3233 3234 3228 3232 3230 3226 3215 3221 3219 3221 3223 3220 3221 3218 3212 3218 3209 3203 -1 2285 2287 2262 2275 2271 2264 2259 2257 2263 2238 2234 2230 2223 2227 2229 2220 2221 2211 2214 2211 2215 2213 2214 2218 2214 2220 2213 2211 2205 2211 2212 2210 2207 2206 2207 2209 2219 2217 2217 2205 2226 2220 2218 2224 2218 2228 2216 2216 2227 2232 2257 3139 3135 3138 3140 3143 3144 3139 3140 3137 3139 3140
3231 3226 3231 3233 3227 3233 3226 3225 3225 3231 3219 3231 3223 3220 3214 3212 3207 3157 2359 2307 2284 2267 2267 2264 2266 2239 2243 2243 2252 2236 2233 2219 2229 2222 2222 2218 2218 2216 2215 2223 2215 2213 2212 2211 2208 2215 2213 2209 2210 2207 2213 2215 2215 2206 2207 2211 2205 2214 2210 2217 2221 2213 2216 2224 2222 2221 2233 2229 2229 2252 -1 3142 3143 3142 3144 3143 3144 3144 3134 3140 3139
3240 3241 3244 3229 3239 3234 3236 3230 3224 3223 3223 3228 3220 3220 3208 3210 3208 -1 2336 2285 2278 2279 2265 2254 2262 2260 2240 2252 2236 2227 2229 2221 2222 2219 2221 2217 2218 2216 2214 2212 2213 2210 2209 2212 2210 2209 2209 2201 2211 2207 2215 2208 2207 2213 2207 2203 2210 2208 2210 2220 2220 2225 2222 2222 2222 2216 2226 2231 2232 2257 -1 3144 3146 3146 3136 3142 3142 3143 3141 3141 3145
3239 3236 3236 3240 3237 3233 3233 3236 3247 3217 3229 3224 3225 3225 3219 3219 3201 -1 2329 2294 2280 2275 2267 2257 2264 2252 2252 2245 2230 2244 2226 2219 2227 2214 2211 2217 2215 2208 2208 2213 2209 2210 2209 2210 2208 2211 2204 2213 2207 2207 2209 2207 2201 2199 2211 2204 2204 2213 2223 2210 2210 2212 2227 2229 2219 2225 2234 2225 2231 2246 2306 3144 3146 3147 3142 3146 3145 3148 3149 3138 3140
3247 3237 3229 3241 3234 3237 3234 3241 3224 3231 3224 3226 3227 3225 3223 3205 3191 2384 2323 2283 2296 2270 2255 2265 2265 2259 2247 2250 2237 2232 2220 2218 2221 2214 2214 2213 2212 2211 2212 2212 2206 2213 2211 2201 2207 2207 2207 2214 2206 2204 2205 2208 2203 2203 2203 2203 2209 2203 2210 2205 2220 2220 2219 2220 2224 2234 2231 2231 2227 2246 2257 3134 3145 3144 3143 3143 3135 3142 3142 3144 3142
3247 3243 3239 3240 3232 3237 3220 3236 3234 3228 3235 3230 3232 3227 3237 3224 -1 2347 2323 2295 2285 2283 2262 2266 2261 2272 2267 2253 2236 2226 2225 2222 2216 2208 2219 2217 2215 2208 2211 2201 2202 2209 2206 2203 2212 2204 2205 2206 2210 2212 2207 2207 2202 2205 2200 2206 2213 2206 2205 2201 2215 2209 2217 2225 2226 2228 2235 2234 2233 2249 2305 3123 3147 3146 3143 3146 3145 3145 3148 3142 3151
3249 3237 3244 3246 3225 3236 3235 3230 3226 3228 3242 3240 3231 3224 3226 3227 -1 2329 2304 2308 2295 2315 2281 2274 2256 2266 2261 2246 2235 2228 2225 2216 2218 2215 2206 2211 2215 2207 2208 2212 2207 2211 2206 2206 2204 2203 2205 2203 2204 2204 2206 2204 2202 2202 2205 2204 2201 2208 2208 2213 2216 2210 2219 2231 2243 2227 2226 2231 2244 2245 2278 3142 3148 3141 3146 3150 3154 3144 3139 3137 3143
3240 3245 3241 3237 3245 3237 3248 3237 3241 3239 3238 3229 3232 3230 3229 3212 -1 2341 2322 2292 2299 2291 2275 2268 2267 2273 2261 2246 2242 2224 2230 2227 2218 2212 2212 2210 2211 2213 2203 2208 2210 2209 2208 2211 2204 2209 2203 2203 2206 2206 2196 2208 2205 2207 2204 2202 2203 2205 2205 2210 2212 2226 2222 2231 2234 2241 2242 2238 2254 2252 2280 3138 3148 3153 3147 3146 3149 3145 3139 3144 3148
3246 3241 3245 3241 3247 3248 3239 3239 3238 3231 3237 3234 3228 3239 3229 3217 -1 2328 2302 2323 2301 2292 2289 2290 2290 2271 2255 2247 2226 2223 2217 2219 2214 2209 2214 2213 2208 2218 2204 2212 2211 2206 2201 2207 2210 2207 2207 2204 2191 2206 2203 2206 2205 2201 2193 2205 2201 2205 2205 2209 2217 2211 2225 2231 2241 2230 2238 2244 2256 2256 2336 3139 3149 3150 3146 3152 3150 3151 3152 3150 3156
3255 3249 3254 3245 3235 3243 3245 3251 3238 3239 3239 3233 3234 3231 3227 3236 -1 2343 2326 2311 2304 2295 2294 2278 2270 2273 2262 2242 2246 2225 2227 2217 2222 2222 2211 2211 2206 2205 2202 2204 2207 2207 2209 2205 2203 2201 2201 2203 2212 2205 2205 2195 2204 2197 2203 2201 2202 2202 2202 2210 2225 2239 2229 2233 2245 2236 2245 2251 2262 2277 2310 3151 3152 3156 3150 3150 3153 3157 3152 3148 3143
3243 3248 3251 3252 3248 3242 3246 3238 3247 3243 3241 3243 3242 3229 3234 3225 -1 2342 2328 2309 2305 2299 2297 2294 2301 2285 2265 2255 2235 2232 2219 2225 2217 2215 2207 2212 2210 2206 2202 2207 2202 2202 2207 2203 2199 2204 2206 2203 2202 2199 2197 2203 2201 2194 2205 2203 2207 2202 2204 2196 2215 2222 2231 2245 2242 2246 2251 2250 2260 2270 2336 3148 3153 3154 3153 3149 3152 3151 3144 3152 3156
3252 3255 3246 3254 3251 3251 3246 3249 3242 3250 3245 3243 3247 3249 3226 3228 -1 2338 2332 2314 2297 2303 2320 2297 2293 2290 2293 2284 2239 2230 2221 2224 2219 2211 2208 2207 2199 2205 2199 2207 2201 2201 2200 2202 2200 2203 2204 2195 2202 2204 2202 2200 2202 2199 2201 2206 2202 2204 2208 2211 2231 2230 2248 2260 2251 2258 2260 2258 2273 2279 2325 3147 3154 3162 3154 3156 3153 3156 3149 3157 3150
3253 3250 3252 3253 3252 3250 3246 3248 3254 3239 3246 3237 3245 3238 3234 3199 -1 2355 2337 2325 2318 2320 2330 2306 2307 2302 2310 2283 2252 2239 2228 2227 2212 2210 2211 2207 2209 2204 2204 2202 2200 2207 2210 2202 2198 2207 2206 2199 2196 2201 2198 2196 2201 2200 2207 2203 2198 2203 2204 2224 2221 2241 2285 2251 2259 2262 2256 2260 2278 2292 2342 3152 3154 3152 3152 3153 3153 3157 3155 3152 3157
3257 3251 3244 3245 3252 3256 3244 3249 3244 3243 3247 3243 3246 3233 3242 3231 -1 2345 2339 2336 2322 2324 2321 2309 2311 2320 2324 2282 2248 2240 2234 2222 2218 2219 2213 2211 2210 2202 2200 2209 2202 2203 2202 2202 2200 2204 2205 2192 2203 2203 2200 2203 2193 2199 2205 2205 2203 2203 2214 2212 2236 2267 2252 2272 2258 2270 2268 2268 2282 2290 2329 3154 3155 3154 3150 3155 3159 3156 3157 3157 3154
3257 3255 3259 3260 3261 3251 3254 3250 3251 3246 3251 3245 3249 3241 3243 3226 -1 2337 2332 2325 2328 2312 2324 2318 2305 2320 2307 2290 2263 2232 2230 2228 2222 2216 2216 2212 2206 2205 2205 2204 2205 2209 2206 2205 2193 2203 2202 2201 2198 2193 2202 2197 2199 2204 2196 2206 2210 2208 2209 2216 2255 2291 2282 2283 2282 2280 2265 2278 2297 2284 2349 3158 3155 3154 3155 3155 3157 3146 3156 3157 3152
3260 3260 3254 3253 3247 3255 3255 3255 3249 3247 3248 3250 3248 3243 3248 3233 -1 2343 2340 2342 2323 2337 2330 2331 2316 2325 2301 2267 2273 2244 2228 2236 2219 2219 2216 2206 2212 2216 2201 2207 2202 2201 2203 2204 2202 2199 2202 2201 2199 2201 2196 2204 2197 2202 2197 2203 2207 2211 2220 2226 2264 2286 2287 2295 2282 2285 2277 2292 2290 2328 2341 3152 3156 3159 3155 3159 3164 3159 3158 3156 3159
3257 3260 3261 3255 3251 3261 3257 3255 3249 3249 3252 3252 3247 3244 3244 3210 -1 2345 2341 2338 2325 2328 2328 2337 2339 2330 2327 2294 2257 2232 2227 2227 2220 2221 2219 2214 2215 2207 2203 2201 2201 2201 2205 2207 2204 2196 2199 2204 2196 2201 2193 2200 2200 2207 2199 2211 2205 2221 2226 2220 2234 2291 2291 2284 2280 2286 2287 2287 2294 2305 2323 3156 3159 3156 3169 3161 3160 3158 3156 3157 3160
3255 3254 3256 3256 3257 3254 3254 3259 3254 3253 3251 3257 3253 3249 3245 3238 -1 2366 2342 2351 2342 2344 2332 2339 2343 2345 2313 2300 2263 2238 2233 2226 2224 2223 2214 2210 2209 2206 2208 2208 2203 2202 2199 2196 2198 2195 2193 2192 2200 2198 2193 2198 2204 2204 2203 2200 2213 2221 2226 2231 2271 2298 2300 2285 2294 2298 2300 2286 2299 2304 2320 3155 3160 3164 3158 3163 3165 3159 3161 3153 3160
3260 3254 3262 3255 3250 3261 3261 3256 3258 3259 3251 3243 3251 3251 3250 3214 -1 2360 2354 2345 2330 2341 2334 2339 2326 2331 2300 2303 2266 2248 2241 2226 2228 2212 2218 2208 2204 2211 2210 2207 2198 2205 2200 2198 2201 2193 2194 2203 2203 2200 2197 2201 2198 2204 2204 2203 2204 2224 2224 2244 2265 2318 2309 2290 2301 2299 2304 2303 2296 2293 2336 3151 3168 3156 3165 3158 3160 3160 3161 3155 3166
3267 3265 3268 3259 3258 3261 3262 3254 3264 3257 3258 3253 3263 3253 3251 3241 -1 2373 2342 2339 2340 2328 2339 2331 2343 2331 2326 2257 2255 2245 2242 2232 2221 2220 2222 2211 2206 2214 2207 2209 2204 2201 2198 2197 2199 2200 2195 2192 2199 2200 2193 2201 2199 2205 2204 2210 2202 2217 2219 2232 2294 2324 2323 2304 2314 2316 2297 2315 2314 2316 2326 3166 3161 3160 3153 3162 3165 3154 3166 3173 3163
3272 3269 3268 3259 3263 3261 3257 3259 3260 3262 3258 3258 3257 3253 3258 3235 -1 2366 2358 2347 2350 2347 2351 2349 2348 2329 2308 2298 2249 2247 2251 2226 2220 2215 2218 2215 2207 2205 2209 2210 2200 2192 2196 2198 2196 2192 2195 2192 2203 2191 2199 2199 2199 2202 2203 2207 2205 2216 2217 2237 2316 2328 2318 2326 2296 2306 2314 2310 2298 2346 -1 3162 3173 3160 3171 3169 3170 3166 3159 3166 3157
3263 3267 3256 3272 3256 3264 3261 3263 3259 3265 3259 3263 3255 3257 3257 3246 -1 2367 2369 2349 2349 2351 2348 2348 2335 2342 2324 2304 2257 2253 2228 2233 2221 2222 2217 2213 2210 2215 2207 2207 2207 2203 2192 2204 2198 2193 2194 2191 2193 2197 2198 2205 2205 2203 2205 2204 2212 2222 2224 2236 2323 2345 2317 2317 2324 2316 2314 2311 2321 2326 -1 3166 3160 3163 3172 3169 3173 3162 3167 3164 3166
3270 3263 3266 3264 3262 3272 3262 3272 3261 3262 3262 3262 3261 3260 3258 3254 -1 2362 2360 2352 2359 2352 2364 2341 2351 2343 2318 2261 2254 2258 2239 2224 2224 2221 2218 2217 2213 2210 2205 2203 2202 2197 2203 2203 2197 2199 2200 2191 2192 2198 2198 2201 2202 2202 2202 2212 2215 2219 2218 2240 2330 2336 2327 2330 2333 2335 2316 2314 2324 2323 -1 3161 3168 3168 3170 3165 3168 3161 3167 3162 3170
3281 3262 3266 3277 3267 3265 3261 3263 3264 3264 3268 3263 3260 3257 3260 3244 -1 2391 2371 2369 2358 2348 2357 2352 2352 2341 2299 2275 2271 2246 2239 2227 2221 2217 2218 2210 2213 2204 2209 2209 2206 2199 2204 2195 2192 2201 2204 2197 2195 2196 2198 2194 2199 2197 2203 2207 2209 2209 2216 2247 2317 2333 2343 2322 2317 2305 2322 2329 2316 2328 -1 3172 3171 3176 3176 3173 3169 3163 3164 3176 3175
3274 3264 3268 3265 3276 3264 3276 3268 3260 3267 3262 3268 3266 3263 3261 3248 -1 2381 2356 2364 2359 2358 2358 2360 2353 2343 2324 2273 2256 2241 2233 2231 2225 2214 2218 2211 2208 2205 2205 2205 2208 2200 2200 2195 2193 2196 2199 2189 2191 2189 2195 2192 2195 2201 2202 2211 2215 2223 2222 2266 2333 2325 2347 2336 2333 2338 2325 2316 2331 2343 -1 3168 3181 3174 3184 3176 3178 3171 3165 3166 3166
3277 3268 3271 3265 3273 3278 3262 3275 3272 3264 3267 3268 3263 3269 3267 3250 -1 2370 2373 2362 2362 2353 2358 2355 2348 2331 2325 2289 2288 2257 2234 2228 2230 2217 2213 2213 2207 2205 2204 2206 2206 2199 2206 2199 2195 2191 2191 2199 2193 2194 2194 2196 2202 2194 2206 2208 2214 2211 2225 2259 2350 2363 2341 2338 2337 2337 2339 2327 2331 2334 -1 3180 3185 3184 3171 3173 3172 3174 3169 3176 3169
3276 3277 3282 3275 3276 3271 3272 3271 3264 3280 3264 3265 3267 3270 3261 3264 -1 2387 2371 2365 2367 2360 2353 2361 2361 2344 2305 2297 2250 2248 2238 2232 2217 2216 2215 2211 2207 2211 2206 2204 2195 2206 2195 2202 2193 2200 2200 2197 2188 2192 2198 2193 2198 2200 2205 2211 2211 2219 2217 2289 2349 2335 2338 2348 2327 2328 2340 2338 2325 2340 -1 3177 3171 3176 3177 3174 3184 3175 3180 3174 3179
3268 3283 3279 3274 3277 3269 3271 3269 3270 3265 3269 3272 3268 3258 3264 3262 -1 2386 2380 2365 2362 2356 2359 2368 2361 2354 2313 2298 2251 2266 2236 2231 2220 2216 2218 2212 2206 2206 2199 2204 2204 2197 2200 2197 2198 2194 2191 2197 2189 2190 2202 2197 2193 2201 2206 2206 2216 2219 2215 2309 2348 2354 2352 2352 2340 2327 2344 2329 2342 2338 3119 3186 3178 3180 3187 3174 3181 3171 3178 3177 3180
3273 3268 3281 3277 3272 3282 3277 3272 3272 3268 3267 3272 3263 3270 3265 3258 -1 2401 2376 2366 2358 2365 2366 2369 2365 2362 2317 2285 2265 2230 2250 2224 2223 2218 2211 2213 2212 2208 2203 2204 2202 2199 2198 2194 2192 2196 2190 2191 2191 2198 2198 2194 2204 2191 2195 2201 2211 2223 2225 2322 2324 2347 2344 2340 2351 2333 2334 2322 2335 -1 3170 3189 3184 3179 3185 3173 3186 3188 3180 3173 3180
3272 3285 3284 3278 3278 3270 3283 3272 3272 3282 3272 3270 3282 3266 3267 3256 -1 2416 2410 2367 2377 2369 2362 2365 2362 2347 2343 2289 2257 2260 2248 2222 2225 2216 2212 2212 2207 2207 2202 2205 2204 2195 2199 2196 2197 2197 2193 2190 2190 2189 2193 2192 2190 2207 2207 2208 2197 2216 2218 2250 2315 2352 2350 2348 2338 2345 2345 2338 2341 -1 3181 3183 3192 3181 3191 3188 3186 3184 3183 3178 3189
3282 3281 3285 3273 3280 3285 3277 3281 3275 3273 3274 3276 3276 3273 3277 3265 -1 -1 2422 2397 2375 2376 2373 2369 2359 2351 2353 2279 2249 2236 2236 2227 2218 2219 2215 2206 2210 2205 2204 2206 2198 2205 2201 2196 2190 2196 2189 2198 2190 2192 2200 2193 2200 2203 2199 2206 2214 2223 2221 2236 2258 2345 2353 2345 2335 2327 2348 2343 2349 3144 3185 3186 3185 3192 3181 3182 3188 3187 3180 3185 3177
3274 3285 3279 3283 3285 3282 3278 3276 3274 3278 3269 3270 3280 3279 3277 3281 3257 -1 2425 2386 2369 2384 2369 2368 2362 2327 2314 2293 2251 2250 2239 2224 2223 2220 2210 2209 2209 2205 2208 2201 2198 2198 2201 2198 2199 2191 2201 2198 2203 2192 2198 2204 2197 2203 2203 2210 2207 2219 2214 2235 2253 2324 2349 2340 2343 2343 2322 2368 -1 3194 3184 3187 3187 3182 3187 3189 3189 3195 3184 3179 3183
3292 3290 3285 3279 3284 3289 3273 3279 3277 3278 3285 3281 3273 3271 3271 3272 3278 -1 -1 2430 2389 2372 2378 2369 2362 2327 2331 2291 2265 2251 2231 2229 2226 2214 2218 2209 2212 2210 2207 2208 2198 2202 2198 2198 2192 2191 2191 2195 2190 2194 2194 2194 2199 2198 2202 2203 2209 2221 2218 2231 2259 2295 2344 2345 2344 2333 2351 -1 3169 3197 3197 3194 3190 3194 3183 3178 3189 3185 3184 3186 3182
3291 3280 3281 3284 3288 3290 3292 3283 3281 3282 3286 3281 3272 3275 3282 3277 3269 3259 -1 2429 2381 2384 2369 2370 2347 2314 2316 2287 2271 2244 2239 2237 2220 2220 2216 2211 2212 2205 2209 2205 2202 2204 2198 2199 2192 2196 2195 2194 2196 2192 2198 2190 2199 2205 2205 2209 2209 2216 2227 2224 2234 2325 2352 2342 2349 -1 -1 3188 3195 3193 3192 3191 3186 3193 3196 3185 3190 3192 3192 3186 3188
3292 3293 3286 3290 3291 3288 3279 3289 3287 3278 3284 3288 3280 3276 3269 3272 3278 3280 3232 -1 2427 2425 2390 2378 2363 2302 2321 2292 2261 2267 2245 2224 2223 2216 2220 2209 2205 2206 2201 2206 2204 2201 2201 2200 2194 2196 2203 2199 2196 2196 2192 2203 2199 2199 2207 2209 2208 2211 2217 2228 2223 2336 2356 2348 2341 -1 3185 3198 3197 3197 3199 3197 3194 3193 3192 3195 3196 3187 3187 3198 3192
3292 3300 3294 3287 3298 3288 3292 3293 3290 3281 3283 3272 3277 3283 3278 3274 3287 3282 3278 -1 -1 2401 2402 2371 2358 2315 2294 2290 2267 2251 2242 2237 2221 2220 2215 2215 2212 2209 2207 2206 2197 2199 2199 2198 2196 2198 2198 2193 2196 2199 2195 2200 2197 2206 2206 2206 2209 2218 2220 2225 2246 2348 2360 2363 -1 3191 3197 3195 3200 3198 3199 3201 3199 3193 3195 3195 3190 3194 3190 3194 3192
3300 3292 3292 3294 3298 3291 3281 3281 3280 3284 3287 3292 3277 3290 3282 3273 3278 3274 3269 3262 -1 2430 2389 2373 2367 2325 2291 2282 2263 2253 2231 2231 2218 2218 2224 2210 2212 2209 2209 2205 2197 2201 2202 2202 2203 2193 2193 2193 2202 2204 2198 2196 2205 2205 2209 2205 2211 2217 2220 2220 2280 2355 2353 -1 3182 3199 3201 3201 3198 3203 3198 3197 3204 3198 3191 3204 3192 3194 3190 3189 3199
3291 3294 3291 3294 3291 3291 3294 3294 3282 3286 3291 3282 3280 3279 3283 3286 3281 3282 3279 3271 3251 -1 2407 2398 2358 2324 2265 2260 2258 2249 2250 2238 2231 2217 2216 2219 2211 2210 2206 2204 2202 2206 2202 2199 2201 2194 2200 2198 2194 2198 2200 2200 2195 2205 2213 2210 2209 2213 2220 2223 2305 2335 -1 3172 3199 3205 3197 3201 3195 3200 3204 3202 3195 3200 3201 3200 3202 3199 3197 3198 3193
3308 3296 3300 3293 3291 3298 3292 3295 3289 3288 3288 3293 3288 3284 3286 3278 3274 3281 3277 3278 3272 -1 -1 2404 2325 2291 2287 2265 2253 2256 2241 2241 2231 2220 2214 2212 2212 2213 2209 2208 2201 2198 2203 2202 2202 2198 2205 2200 2197 2203 2202 2201 2204 2203 2204 2201 2209 2218 2220 2218 2264 2278 -1 3200 3207 3208 3202 3199 3203 3205 3201 3207 3204 3202 3198 3198 3199 3197 3198 3193 3197
3296 3292 3294 3291 3292 3307 3286 3292 3288 3293 3289 3279 3284 3288 3286 3280 3281 3285 3279 3273 3275 3270 -1 -1 2351 2291 2315 2258 2253 2236 2245 2229 2231 2219 2221 2214 2213 2209 2213 2207 2207 2202 2206 2200 2202 2198 2199 2200 2203 2199 2201 2201 2204 2206 2203 2208 2201 2212 2226 2223 2216 2308 3173 3207 3206 3211 3197 3208 3200 3194 3206 3209 3203 3204 3199 3200 3198 3201 3208 3193 3193
3300 3297 3304 3307 3295 3295 3295 3287 3297 3294 3292 3294 3284 3284 3295 3291 3284 3280 3280 3281 3277 3268 3271 -1 2355 2280 2266 2259 2255 2245 2235 2226 2222 2225 2216 2214 2212 2214 2208 2212 2204 2204 2202 2201 2201 2201 2203 2202 2194 2201 2202 2205 2199 2201 2214 2214 2217 2219 2225 2234 2241 2247 3154 3202 3205 3207 3209 3209 3210 3202 3205 3204 3212 3215 3213 3206 3203 3200 3201 3205 3208
3308 3303 3304 3298 3298 3298 3296 3287 3293 3297 3293 3287 3291 3289 3286 3295 3286 3287 3285 3284 3283 3276 3275 -1 2362 2330 2309 2259 2257 2245 2235 2234 2232 2224 2223 2210 2217 2214 2207 2208 2203 2206 2202 2202 2205 2201 2202 2202 2208 2203 2201 2201 2209 2204 2210 2213 2210 2218 2222 2215 2227 2292 3200 3211 3209 3215 3213 3206 3206 3209 3205 3211 3209 3209 3206 3205 3200 3203 3197 3204 3200
3292 3317 3299 3295 3293 3298 3298 3297 3296 3299 3290 3295 3287 3287 3295 3289 3288 3278 3282 3282 3285 3283 3277 3245 2359 2302 2286 2266 2257 2246 2230 2237 2227 2222 2219 2218 2213 2208 2209 2214 2205 2207 2206 2202 2203 2202 2205 2201 2207 2202 2204 2207 2210 2209 2208 2217 2214 2217 2214 2216 2225 2270 3199 3210 3210 3210 3214 3209 3203 3209 3216 3215 3210 3204 3206 3200 3207 3207 3208 3202 3199
3303 3307 3307 3300 3302 3299 3301 3307 3297 3295 3300 3290 3296 3294 3279 3288 3290 3287 3281 3288 3283 3276 3278 3248 2378 2300 2276 2281 2260 2254 2233 2231 2233 2218 2222 2217 2213 2215 2211 2209 2208 2202 2204 2206 2207 2205 2204 2200 2202 2209 2207 2206 2208 2212 2216 2212 2219 2219 2221 2223 2227 2256 3179 3215 3217 3210 3205 3214 3216 3212 3214 3211 3218 3210 3214 3211 3212 3206 3204 3203 3203
3309 3310 3304 3304 3304 3303 3303 3298 3301 3296 3297 3298 3298 3298 3291 3293 3292 3287 3290 3287 3291 3280 3283 3282 -1 2323 2275 2272 2251 2266 2256 2251 2233 2220 2231 2217 2212 2209 2208 2214 2206 2208 2206 2205 2204 2203 2209 2205 2206 2206 2212 2208 2213 2209 2207 2209 2214 2209 2223 2222 2231 2226 -1 3214 3210 3215 3220 3214 3213 3208 3214 3211 3207 3213 3201 3211 3204 3207 3203 3208 3203
3302 3315 3299 3306 3303 3305 3297 3304 3295 3298 3303 3297 3296 3293 3301 3293 3298 3288 3283 3284 3281 3291 3279 3281 3268 2388 2264 2258 2269 2255 2254 2239 2232 2227 2228 2224 2214 2219 2222 2211 2216 2209 2207 2207 2205 2211 2206 2208 2203 2208 2205 2207 2207 2212 2208 2210 2216 2219 2215 2218 2227 2237 2340 3215 3216 3218 3217 3214 3212 3218 3213 3206 3210 3208 3222 3207 3207 3204 3204 3206 3207
3306 3310 3307 3303 3307 3314 3312 3302 3310 3311 3300 3306 3299 3296 3304 3295 3284 3293 3288 3290 3293 3287 3284 3290 3271 2388 2290 2262 2256 2256 2246 2234 2235 2223 2219 2215 2221 2212 2217 2212 2216 2212 2211 2208 2207 2205 2207 2209 2205 2204 2208 2208 2204 2210 2211 2203 2213 2212 2216 2221 2224 2226 2356 3200 3216 3226 3221 3209 3212 3222 3206 3216 3210 3217 3211 3208 3216 3214 3212 3211 3206
3315 3303 3309 3310 3302 3309 3314 3300 3298 3314 3302 3298 3295 3298 3292 3301 3290 3293 3289 3287 3294 3284 3285 3276 -1 2369 2286 2279 2261 2252 2226 2240 2230 2220 2224 2224 2216 2223 2216 2208 2208 2209 2206 2207 2207 2207 2206 2206 2204 2206 2209 2208 2204 2213 2206 2212 2211 2217 2220 2217 2225 2226 2341 3211 3232 3211 3215 3223 3218 3219 3220 3217 3212 3214 3211 3214 3210 3214 3208 3207 3212
3320 3305 3313 3311 3311 3313 3306 3308 3305 3305 3291 3297 3301 3303 3297 3293 3297 3295 3293 3287 3292 3292 3289 3280 -1 2332 2297 2261 2263 2249 2232 2237 2225 2223 2219 2222 2216 2213 2212 2211 2208 2208 2205 2211 2207 2207 2208 2201 2203 2208 2211 2211 2216 2207 2208 2214 2208 2220 2207 2219 2219 2222 2305 3219 3217 3227 3225 3217 3218 3220 3218 3220 3223 3216 3211 3210 3211 3194 3206 3208 3215
3315 3315 3315 3309 3311 3314 3313 3309 3312 3307 3309 3304 3298 3299 3295 3293 3299 3289 3287 3292 3291 3291 3290 3276 2374 2287 2275 2266 2254 2236 2238 2237 2232 2230 2227 2220 2220 2217 2218 2210 2210 2205 2207 2213 2209 2205 2206 2207 2209 2208 2208 2211 2213 2215 2209 2214 2210 2211 2214 2223 2214 2230 2242 3217 3236 3220 3218 3216 3223 3222 3215 3220 3220 3210 3217 3223 3224 3210 3209 3209 3213
3320 3314 3314 3311 3317 3309 3309 3316 3313 3319 3307 3305 3298 3300 3307 3301 3308 3300 3297 3306 3310 3292 3289 3190 2331 2279 2279 2264 2253 2244 2233 2232 2237 2225 2223 2222 2215 2220 2211 2213 2211 2211 2213 2209 2212 2217 2212 2209 2208 2209 2208 2207 2216 2215 2213 2210 2208 2218 2219 2220 2215 2227 2240 3194 3224 3220 3220 3228 3218 3220 3227 3220 3222 3222 3214 3226 3219 3216 3213 3222 3211
3324 3320 3312 3312 3309 3316 3309 3309 3308 3304 3309 3301 3303 3307 3300 3306 3296 3295 3303 3298 3302 3294 3288 -1 2327 2268 2269 2257 2243 2251 2227 2232 2230 2237 2226 2221 2219 2223 2221 2214 2215 2215 2211 2218 2212 2208 2214 2211 2208 2214 2213 2217 2215 2212 2213 2215 2211 2218 2220 2230 2217 2231 2242 -1 3233 3225 3229 3224 3230 3221 3222 3223 3223 3219 3218 3214 3228 3226 3213 3223 3217
3327 3318 3323 3326 3319 3311 3317 3316 3307 3307 3314 3308 3316 3308 3309 3303 3303 3308 3299 3295 3291 3289 3288 -1 2324 2279 2261 2254 2250 2254 2229 2230 2233 2227 2234 2217 2229 2225 2219 2216 2216 2214 2210 2219 2208 2210 2211 2210 2207 2212 2214 2209 2211 2213 2209 2215 2214 2213 2213 2219 2219 2233 2243 -1 3232 3226 3215 3230 3219 3223 3227 3218 3223 3218 3220 3215 3221 3223 3215 3221 3216
3323 3323 3324 3317 3303 3315 3312 3314 3317 3309 3313 3304 3315 3315 3302 3305 3296 3294 3297 3298 3290 3288 3288 2367 2306 2284 2256 2254 2254 2235 2231 2239 2236 2223 2226 2219 2219 2219 2219 2215 2222 2217 2219 2213 2220 2215 2211 2209 2212 2208 2212 2211 2215 2214 2210 2214 2211 2209 2216 2221 2216 2232 2275 -1 3223 3234 3226 3227 3222 3231 3228 3224 3225 3225 3220 3225 3221 3223 3227 3228 3217
3321 3327 3322 3326 3312 3322 3319 3329 3308 3306 3317 3308 3313 3310 3299 3308 3299 3309 3294 3296 3303 3293 -1 2355 2337 2279 2271 2260 2238 2242 2224 2239 2234 2232 2227 2226 2220 2222 2223 2219 2217 2211 2218 2215 2210 2211 2214 2210 2209 2212 2210 2213 2218 2215 2217 2205 2211 2221 2218 2219 2219 2237 2237 3135 3230 3227 3228 3226 3229 3230 3231 3234 3228 3237 3222 3224 3224 3223 3220 3226 3210
3329 3324 3331 3322 3321 3321 3311 3323 3313 3314 3313 3320 3307 3314 3309 3303 3310 3315 3314 3309 3300 3295 3165 2336 2275 2268 2262 2243 2251 2242 2238 2235 2235 2237 2228 2227 2219 2233 2220 2216 2222 2220 2212 2221 2212 2212 2213 2211 2211 2215 2210 2216 2211 2211 2216 2212 2222 2218 2219 2220 2223 2244 2229 -1 3227 3232 3230 3231 3231 3235 3233 3224 3227 3229 3228 3225 3226 3227 3223 3229 3229
3329 3328 3327 3329 3316 3327 3323 3315 3325 3319 3317 3311 3313 3314 3312 3305 3312 3303 3306 3312 3301 3300 -1 2320 2290 2276 2263 2250 2233 2240 2228 2239 2232 2239 2221 2228 2224 2219 2213 2227 2226 2217 2218 2212 2213 2220 2218 2216 2211 2213 2209 2211 2213 2211 2213 2221 2214 2214 2221 2227 2224 2231 2270 -1 3243 3231 3227 3237 3228 3231 3233 3244 3231 3230 3237 3234 3223 3228 3221 3230 3225
3332 3325 3327 3336 3326 3333 3324 3321 3319 3323 3320 3323 3318 3319 3324 3311 3312 3305 3300 3311 3305 3303 -1 2273 2285 2272 2248 2246 2240 2243 2232 2224 2223 2225 2225 2224 2227 2230 2222 2217 2211 2220 2211 2212 2214 2215 2213 2212 2211 2212 2217 2222 2219 2224 2216 2219 2214 2220 2223 2223 2229 2219 2253 3225 3239 3230 3230 3231 3237 3231 3236 3224 3229 3225 3239 3221 3223 3234 3224 3229 3217
3324 3327 3331 3329 3323 3323 3325 3327 3322 3312 3317 3318 3321 3312 3309 3312 3307 3316 3318 3306 3298 3298 2317 2287 2296 2251 2238 2245 2241 2231 2230 2231 2233 2225 2225 2222 2219 2214 2225 2219 2214 2216 2221 2218 2213 2214 2220 2220 2224 2211 2219 2213 2218 2228 2215 2215 2214 2223 2219 2233 2223 2267 2263 3121 3244 3244 3238 3242 3235 3234 3240 3236 3231 3241 3238 3244 3240 3233 3230 3227 3228
3339 3342 3339 3330 3326 3334 3338 3322 3319 3309 3324 3318 3318 3323 3324 3312 3311 3318 3314 3301 3311 -1 2290 2266 2276 2282 2254 2241 2237 2235 2240 2231 2231 2221 2224 2221 2211 2223 2224 2216 2224 2213 2214 2215 2215 2214 2218 2225 2215 2218 2212 2223 2214 2213 2219 2216 2219 2230 2213 2224 2249 2262 2258 3146 3238 3241 3235 3248 3234 3232 3243 3229 3227 3241 3230 3232 3239 3233 3236 3223 3229
3338 3341 3333 3330 3333 3329 3326 3326 3324 3325 3322 3324 3328 3318 3315 3321 3315 3309 3305 3307 3282 -1 2280 2256 2277 2239 2238 2230 2234 2230 2231 2229 2228 2218 2227 2226 2214 2213 2222 2213 2216 2221 2219 2215 2209 2220 2214 2215 2226 2217 2217 2220 2215 2223 2219 2225 2220 2216 2226 2224 2261 2264 2316 3219 3251 3238 3238 3247 3232 3241 3243 3234 3231 3238 3244 3231 3235 3222 3229 3237 3228
3335 3338 3342 3334 3336 3336 3328 3321 3325 3325 3324 3327 3324 3324 3317 3314 3320 3319 3311 3317 3309 2310 2317 2276 2257 2267 2249 2248 2234 2233 2232 2219 2227 2223 2226 2222 2220 2210 2219 2216 2223 2216 2215 2219 2212 2218 2225 2216 2216 2212 2221 2222 2218 2218 2223 2217 2216 2223 2221 2235 2232 2263 2316 3250 3244 3248 3250 3237 3245 3238 3241 3230 3240 3236 3236 3236 3234 3237 3230 3240 3240
3342 3342 3336 3333 3334 3337 3335 3332 3333 3327 3327 3333 3321 3331 3317 3325 3319 3320 3314 3304 3269 2317 2311 2282 2255 2246 2240 2238 2231 2230 2234 2220 2231 2219 2215 2220 2227 2217 2227 2223 2217 2224 2227 2223 2216 2221 2224 2215 2215 2226 2218 2220 2223 2215 2214 2220 2214 2215 2219 2230 2240 2237 3102 3245 3249 3243 3248 3237 3242 3242 3244 3243 3236 3244 3244 3241 3245 3235 3229 3234 3237
3341 3342 3343 3342 3335 3337 3332 3334 3327 3328 3331 3320 3320 3314 3330 3320 3320 3331 3308 3313 -1 2327 2245 2239 2247 2239 2238 2236 2229 2223 2218 2232 2226 2220 2214 2225 2217 2215 2216 2221 2229 2225 2220 2224 2241 2237 2218 2223 2223 2217 2223 2219 2222 2226 2218 2218 2220 2224 2226 2232 2240 2284 3095 3253 3243 3248 3247 3248 3242 3241 3242 3238 3242 3238 3244 3239 3240 3236 3231 3241 3237
3342 3335 3339 3339 3346 3336 3339 3330 3333 3335 3328 3330 3326 3318 3323 3322 3328 3317 3323 3297 -1 2279 2310 2282 2262 2246 2227 2234 2229 2231 2222 2229 2228 2231 2220 2227 2222 2225 2218 2240 2229 2222 2217 2233 2224 2231 2225 2225 2224 2226 2245 2237 2218 2224 2223 2223 2225 2224 2234 2223 2283 2318 3254 3250 3253 3246 3248 3239 3247 3243 3235 3241 3239 3236 3246 3241 3238 3236 3243 3241 3234
3342 3340 3345 3338 3342 3339 3342 3332 3341 3333 3340 3332 3332 3329 3332 3321 3338 3325 3316 3308 2322 2299 2274 2252 2240 2233 2256 2228 2231 2228 2228 2227 2223 2226 2226 2222 2216 2225 2220 2225 2233 2231 2248 2226 2256 2239 2231 2254 2234 2229 2235 2229 2222 2230 2223 2222 2228 2229 2222 2239 2247 -1 3264 3249 3242 3249 3237 3254 3252 3253 3242 3249 3241 3240 3244 3243 3243 3247 3244 3241 3238
3353 3354 3343 3341 3335 3340 3338 3337 3327 3335 3341 3343 3335 3327 3328 3325 3320 3321 3325 3239 2356 2287 2280 2241 2246 2247 2241 2228 2221 2241 2222 2217 2216 2222 2222 2223 2220 2218 2216 2232 2242 2242 2255 2225 2262 2235 2230 2236 2230 2239 2244 2218 2237 2224 2232 2217 2214 2224 2229 2221 2241 -1 3249 3251 3251 3251 3251 3257 3253 3243 3247 3252 3238 3240 3242 3244 3247 3236 3244 3231 3233
3350 3345 3351 3343 3347 3343 3343 3339 3335 3331 3334 3339 3339 3334 3331 3324 3325 3321 3327 3224 2257 2277 2284 2237 2245 2228 2231 2221 2230 2228 2229 2232 2217 2220 2231 2218 2232 2233 2243 2227 2239 2232 2293 2253 2237 2229 2261 2239 2245 2235 2233 2237 2236 2226 2216 2227 2230 2237 2236 2270 2296 3258 3257 3259 3247 3258 3252 3251 3246 3248 3253 3251 3248 3244 3249 3237 3246 3242 3247 3243 3245
3353 3349 3351 3340 3344 3345 3338 3341 3345 3341 3331 3337 3328 3336 3338 3336 3338 3329 3332 -1 2312 2268 2261 2234 2240 2237 2226 2225 2223 2226 2216 2222 2222 2232 2216 2233 2221 2241 2244 2235 2251 2267 2286 2251 2279 2258 2251 2254 2248 2244 2246 2233 2224 2224 2221 2229 2230 2220 2242 2247 2287 3224 3259 3256 3254 3242 3255 3254 3251 3252 3247 3252 3252 3252 3254 3254 3255 3249 3244 3252 3246
3351 3348 3354 3342 3346 3347 3335 3339 3339 3337 3338 3336 3340 3334 3333 3326 3335 3327 3325 -1 2325 2311 2261 2257 2264 2231 2224 2225 2236 2229 2229 2220 2227 2224 2229 2218 2228 2236 2247 2239 2262 2281 2258 2268 2292 2269 2236 2254 2255 2242 2240 2239 2234 2226 2229 2270 2236 2232 2237 2261 2333 3246 3258 3264 3261 3250 3253 3255 3256 3252 3256 3255 3257 3246 3247 3253 3252 3252 3254 3238 3243
3352 3361 3345 3347 3355 3344 3354 3344 3342 3343 3340 3347 3342 3339 3333 3332 3330 3331 3338 2315 2287 2284 2258 2235 2239 2227 2226 2231 2220 2232 2231 2227 2224 2234 2241 2237 2237 2239 2246 2262 2277 2271 2284 2292 2277 2256 2262 2261 2255 2266 2251 2233 2255 2234 2231 2228 2234 2238 2248 2291 -1 3259 3262 3258 3261 3258 3266 3256 3250 3257 3254 3258 3249 3256 3247 3252 3255 3251 3250 3251 3253
3354 3351 3350 3356 3348 3340 3350 3346 3343 3338 3334 3336 3345 3338 3338 3337 3326 3328 3336 2323 2269 2257 2260 2245 2234 2236 2225 2236 2227 2220 2218 2234 2222 2236 2234 2224 2229 2246 2268 2266 2325 2311 2307 2299 2293 2273 2275 2266 2246 2258 2244 2244 2250 2256 2226 2232 2233 2236 2257 2239 -1 3248 3263 3264 3259 3258 3254 3260 3259 3258 3257 3253 3257 3259 3257 3251 3252 3260 3240 3254 3241
3356 3351 3347 3358 3344 3351 3356 3347 3349 3344 3341 3337 3341 3337 3345 3329 3345 3332 3331 2258 2261 2280 2243 2242 2234 2230 2237 2235 2223 2233 2225 2229 2229 2219 2228 2232 2276 2247 2299 2347 2313 2322 2288 2288 2288 2279 2274 2258 2260 2269 2262 2236 2235 2240 2241 2246 2237 2244 2263 2304 3135 3266 3264 3258 3263 3256 3261 3260 3252 3258 3259 3255 3256 3256 3250 3260 3256 3256 3248 3256 3256
3371 3353 3354 3352 3353 3361 3345 3351 3351 3347 3346 3337 3346 3344 3340 3340 3337 3335 3339 2303 2270 2249 2235 2245 2240 2233 2228 2234 2229 2235 2225 2220 2230 2235 2228 2232 2245 2262 2278 2292 2321 2290 2300 2306 2288 2288 2280 2258 2261 2257 2251 2254 2254 2240 2252 2249 2239 2256 2253 2276 3249 3266 3262 3255 3262 3265 3263 3261 3257 3255 3260 3263 3258 3257 3255 3257 3254 3261 3255 3256 3253
3355 3354 3354 3355 3355 3352 3352 3348 3349 3350 3349 3347 3345 3347 3347 3339 3337 3333 3223 2304 2259 2242 2235 2234 2238 2232 2234 2235 2231 2232 2226 2227 2224 2233 2247 2254 2257 2254 2291 2374 3318 2358 2298 2324 2309 2290 2284 2290 2255 2244 2278 2264 2246 2236 2240 2237 2243 2245 2249 2304 3253 3271 3272 3259 3268 3261 3268 3268 3266 3266 3261 3256 3264 3259 3257 3254 3252 3257 3258 3257 3255
3367 3354 3359 3361 3351 3352 3352 3348 3360 3348 3345 3342 3341 3340 3340 3344 3345 3345 3354 2285 2252 2257 2243 2233 2234 2239 2229 2238 2224 2234 2237 2225 2234 2238 2238 2253 2239 2255 2276 3263 3287 2352 2311 2324 2286 2297 2288 2291 2266 2250 2267 2252 2254 2254 2248 2226 2245 2265 2256 2346 3252 3272 3272 3262 3260 3263 3266 3263 3265 3264 3262 3268 3256 3259 3257 3266 3257 3248 3258 3252 3259
3364 3358 3368 3356 3353 3354 3360 3349 3353 3350 3350 3350 3352 3337 3347 3347 3341 3345 2288 2289 2257 2257 2244 2248 2230 2231 2227 2235 2226 2235 2225 2232 2230 2244 2251 2276 2249 2276 3250 3268 3277 -1 2314 2316 2291 2300 2278 2281 2286 2258 2283 2257 2283 2259 2261 2240 2243 2290 2323 -1 3279 3272 3264 3271 3264 3262 3266 3265 3262 3265 3262 3261 3265 3259 3259 3259 3259 3259 3264 3258 3257
3367 3360 3359 3358 3358 3354 3356 3356 3349 3350 3352 3345 3351 3350 3347 3344 3349 3333 2320 2265 2264 2244 2233 2235 2239 2228 2236 2221 2230 2232 2232 2233 2235 2240 2245 2265 2249 2338 3320 3289 3283 -1 2356 2326 2322 2294 2278 2273 2278 2283 2264 2272 2281 2246 2254 2270 2252 2266 2272 3178 3273 3269 3278 3263 3273 3263 3266 3264 3267 3262 3265 3263 3263 3261 3263 3261 3253 3265 3261 3255 3262
3365 3361 3365 3363 3364 3354 3350 3354 3350 3358 3351 3351 3350 3347 3347 3349 3346 3303 2298 2282 2267 2246 2249 2237 2230 2226 2233 2229 2234 2232 2231 2237 2219 2233 2251 2268 2309 2378 3289 3296 3286 -1 2338 2316 2308 2297 2294 2290 2288 2280 2249 2266 2255 2255 2265 2253 2264 2256 2309 3262 3269 3266 3272 3269 3269 3274 3265 3273 3263 3267 3265 3260 3263 3268 3265 3266 3259 3261 3261 3260 3259
3367 3360 3364 3364 3359 3355 3363 3353 3355 3355 3351 3355 3348 3348 3351 3347 3344 -1 2284 2267 2286 2242 2245 2237 2231 2235 2233 2229 2235 2235 2231 2235 2240 2241 2264 2292 2294 3167 3295 3303 3294 -1 2293 2361 2311 2293 2281 2301 2295 2280 2273 2250 2261 2258 2272 2251 2254 2268 2356 3264 3278 3278 3274 3269 3275 3267 3272 3267 3267 3270 3270 3267 3267 3263 3264 3265 3263 3262 3264 3258 3260
3365 3368 3364 3357 3360 3359 3356 3358 3361 3356 3344 3352 3354 3348 3356 3354 3347 -1 2296 2279 2255 2268 2240 2233 2235 2240 2230 2225 2223 2240 2233 2230 2251 2259 2288 2300 2349 3307 3301 3307 3320 -1 2345 2337 2296 2333 2304 2297 2295 2282 2267 2292 2283 2261 2249 2263 2272 2286 -1 3267 3280 3270 3270 3271 3273 3271 3271 3271 3267 3269 3266 3271 3269 3264 3263 3265 3262 3266 3263 3264 3260
3369 3368 3372 3366 3363 3366 3363 3356 3357 3360 3358 3346 3359 3348 3355 3351 3322 2297 2284 2278 2254 2266 2242 2237 2239 2236 2228 2236 2237 2236 2239 2239 2257 2250 2267 2271 2362 3308 3306 3301 3288 -1 2346 2361 2290 2304 2296 2282 2306 2278 2290 2269 2280 2275 2270 2286 2279 2305 -1 3281 3282 3277 3278 3273 3275 3272 3273 3267 3268 3268 3262 3267 3273 3265 3265 3266 3263 3268 3263 3258 3265
3373 3373 3372 3370 3362 3357 3358 3356 3358 3352 3357 3353 3358 3356 3351 3348 3308 2359 2292 2273 2237 2250 2245 2241 2241 2232 2236 2231 2229 2246 2236 2239 2245 2232 2301 2303 3178 3307 3318 3291 3295 2480 2360 2325 2341 2305 2299 2292 2278 2270 2300 2282 2274 2280 2297 2278 2298 2306 3265 3280 3282 3266 3277 3271 3276 3275 3273 3273 3266 3271 3271 3270 3268 3265 3264 3268 3268 3268 3266 3258 3259
3368 3370 3375 3368 3368 3364 3370 3362 3360 3360 3356 3355 3354 3354 3350 3352 3280 2338 2293 2283 2239 2252 2244 2236 2237 2239 2235 2237 2225 2244 2235 2238 2247 2256 2272 2326 3294 3311 3310 3302 3292 -1 2377 2350 2332 2335 2306 2306 2296 2299 2298 2296 2271 2298 2266 2269 2284 2327 3267 3285 3271 3274 3278 3272 3276 3269 3273 3273 3270 3270 3275 3268 3265 3267 3270 3265 3259 3262 3264 3264 3262
3379 3365 3373 3367 3360 3361 3368 3359 3361 3360 3356 3357 3358 3359 3356 3340 -1 2322 2275 2268 2253 2239 2246 2237 2247 2225 2234 2236 2231 2235 2242 2236 2230 2269 2279 2351 3298 3296 3323 3314 3289 2413 2379 2353 2322 2297 2335 2315 2307 2280 2292 2262 2293 2291 2268 2290 2295 -1 3282 3284 3281 3280 3279 3278 3271 3277 3270 3269 3277 3271 3272 3269 3272 3266 3271 3268 3268 3270 3264 3263 3261
3369 3374 3370 3372 3374 3363 3360 3362 3365 3364 3359 3361 3360 3353 3361 3358 -1 2334 2298 2275 2256 2255 2234 2240 2242 2233 2240 2240 2239 2231 2239 2237 2237 2282 2291 2359 3311 3310 3308 3304 3285 2414 2370 2335 2360 2317 2318 2313 2272 2309 2292 2295 2305 2292 2265 2288 2297 3227 3283 3281 3279 3276 3280 3280 3279 3277 3280 3274 3270 3264 3267 3268 3269 3268 3266 3270 3265 3263 3263 3265 3267
3373 3369 3379 3370 3379 3364 3370 3371 3362 3367 3359 3365 3356 3356 3358 3340 -1 2325 2298 2260 2246 2252 2239 2235 2237 2236 2237 2238 2234 2229 2238 2235 2275 2257 2320 3334 3316 3323 3318 3318 3279 2404 2401 2374 2346 2322 2309 2318 2272 2292 2315 2298 2318 2289 2277 2283 2293 3267 3281 3278 3282 3278 3279 3279 3275 3279 3274 3273 3271 3276 3268 3272 3271 3270 3274 3275 3269 3267 3269 3263 3264
3376 3362 3375 3373 3373 3370 3363 3364 3365 3358 3362 3352 3358 3353 3356 3366 -1 2371 2327 2259 2255 2248 2245 2257 2245 2238 2237 2236 2236 2224 2249 2250 2238 2266 2334 3309 3319 3307 3299 3294 3294 2468 2368 2337 2314 2311 2321 2319 2301 2302 2304 2299 2302 2290 2295 2265 2305 3277 3287 3277 3285 3282 3277 3280 3274 3278 3283 3278 3276 3276 3276 3270 3274 3267 3269 3274 3269 3266 3272 3269 3270
3381 3376 3368 3369 3376 3372 3367 3362 3370 3365 3370 3361 3354 3358 3357 3358 3335 2395 2310 2280 2247 2241 2241 2233 2237 2233 2231 2244 2239 2253 2259 2264 2256 2315 2353 3314 3315 3314 3320 3316 3243 2409 2384 2374 2352 2327 2332 2314 2313 2316 2327 2305 2301 2299 2288 2301 2362 3283 3291 3276 3283 3287 3277 3275 3279 3274 3276 3279 3279 3271 3275 3270 3271 3267 3275 3272 3271 3269 3266 3272 3266
3374 3376 3384 3365 3369 3367 3372 3377 3368 3368 3369 3358 3362 3360 3367 3365 3365 2387 2308 2299 2259 2260 2233 2237 2239 2237 2237 2240 2241 2248 2252 2252 2275 2312 3164 3326 3328 3327 3319 3313 3288 2435 2396 2373 2357 2351 2319 2302 2316 2321 2302 2285 2299 2302 2292 2286 -1 3284 3282 3288 3285 3286 3281 3281 3282 3282 3279 3275 3276 3273 3275 3272 3272 3274 3273 3269 3271 3275 3271 3278 3264
3376 3374 3376 3378 3376 3374 3370 3370 3368 3361 3370 3364 3367 3359 3370 3360 3347 3199 2358 2251 2262 2244 2256 2255 2243 2254 2238 2237 2257 2259 2272 2314 2299 2298 3297 3328 3328 3299 3313 3314 3286 2437 2407 2360 2350 2323 2340 2326 2319 2316 2327 2322 2303 2304 2297 2310 3285 3286 3284 3279 3289 3283 3283 3273 3280 3281 3277 3283 3269 3276 3274 3271 3276 3273 3275 3271 3271 3275 3273 3265 3266
3377 3381 3377 3375 3375 3375 3367 3372 3371 3374 3363 3368 3366 3363 3363 3363 3368 3361 2308 2265 2257 2257 2252 2238 2251 2234 2233 2244 2236 2265 2259 2269 2270 2305 3330 3338 3334 3321 3326 3318 3279 2449 2392 2353 2364 2351 2347 2341 2323 2314 2301 2313 2294 2310 2284 2295 3258 3293 3280 3285 3283 3278 3281 3284 3275 3285 3276 3276 3276 3273 3275 3276 3277 3274 3273 3274 3269 3276 3270 3275 3273
3376 3379 3380 3379 3377 3371 3370 3371 3373 3369 3360 3367 3373 3364 3359 3355 3349 3347 2252 2272 2277 2243 2243 2236 2240 2252 2236 2237 2242 2283 2262 2306 2288 2305 3323 3308 3331 3328 3323 3322 3301 2469 2413 2357 2360 2358 2331 2338 2323 2327 2305 2324 2305 2277 2286 2400 3283 3281 3282 3284 3285 3284 3280 3278 3282 3278 3277 3280 3281 3279 3274 3274 3276 3277 3274 3276 3271 3273 3267 3271 3267
3380 3373 3373 3376 3379 3373 3373 3374 3363 3375 3363 3365 3364 3367 3362 3359 3351 3360 2311 2281 2278 2259 2246 2241 2239 2245 2240 2239 2256 2294 2280 2280 2340 2373 3343 3327 3326 3324 3330 3317 3309 -1 2395 2356 2355 2355 2322 2358 2324 2325 2322 2303 2304 2304 2314 -1 3284 3282 3283 3295 3279 3283 3281 3279 3279 3281 3276 3278 3275 3279 3274 3280 3273 3278 3278 3272 3269 3270 3273 3272 3272
3375 3386 3384 3383 3371 3371 3366 3375 3378 3376 3371 3367 3369 3368 3365 3360 3368 3352 2336 2294 2251 2243 2240 2251 2237 2241 2259 2262 2240 2270 2297 2273 2274 2381 3340 3330 3317 3324 3331 3312 3324 2442 2366 2373 2383 2358 2353 2346 2322 2318 2313 2326 2301 2302 2323 3111 3287 3293 3292 3279 3267 3278 3280 3278 3280 3274 3273 3278 3276 3274 3272 3274 3272 3272 3274 3268 3272 3272 3265 3266 3268
3380 3383 3381 3385 3383 3376 3377 3370 3371 3369 3374 3375 3372 3369 3362 3364 3361 3364 2320 2272 2279 2250 2258 2256 2243 2240 2240 2271 2275 2280 2265 2314 2357 3170 3325 3334 3337 3330 3326 3316 3307 -1 2394 2374 2372 2367 2337 2356 2326 2327 2300 2326 2305 2318 2330 3268 3282 3276 3266 3254 3260 3270 3271 3279 3268 3263 3272 3277 3268 3265 3265 3272 3265 3270 3269 3268 3266 3266 3272 3265 3272
3376 3382 3381 3377 3379 3375 3378 3375 3374 3376 3369 3366 3367 3370 3367 3363 3370 3242 2301 2296 2239 2249 2249 2241 2249 2271 2243 2250 2286 2296 2295 2291 2337 3339 3330 3325 3329 3323 3326 3314 3328 -1 2393 2376 2357 2355 2351 2342 2344 2342 2315 2318 2313 2309 -1 3298 3276 3276 3291 3274 3229 3219 3237 3265 3251 3257 3255 3247 3260 3265 3259 3262 3253 3239 3275 3257 3246 3250 3266 3259 3230
3382 3381 3380 3381 3372 3383 3378 3371 3378 3378 3376 3380 3375 3369 3363 3362 3364 2410 2305 2314 2272 2263 2242 2245 2253 2234 2253 2275 2255 2275 2286 2320 3310 3345 3338 3329 3334 3327 3324 3325 3313 -1 2400 2396 2369 2353 2343 2350 2347 2336 2321 2310 2306 2306 3104 3296 3286 3316 3296 3177 3181 3120 3111 3126 3098 3141 3201 3171 3160 3178 3133 3123 3146 3189 3192 3213 3174 3201 3196 3249 3241
3387 3379 3384 3379 3377 3376 3376 3376 3375 3373 3371 3365 3375 3371 3371 3368 3295 2339 2346 2310 2290 2246 2245 2253 2264 2255 2255 2310 2277 2308 2280 2308 3349 3326 3329 3330 3332 3315 3330 3323 3294 2449 2380 2372 2359 2358 2353 2336 2323 2328 2309 2302 2324 2418 3187 3294 3286 3285 3261 3109 3094 3087 3095 3090 3098 3085 3093 3089 3088 3090 3085 3091 3082 3104 3090 3085 3084 3088 3088 3087 3089
3377 3382 3385 3374 3380 3382 3375 3363 3369 3371 3364 3368 3366 3371 3365 3362 3126 2385 2328 2289 2278 2268 2265 2247 2258 2242 2263 2273 2299 2297 2306 2365 3334 3347 3340 3325 3329 3326 3328 3314 3163 2446 2376 2377 2362 2374 2380 2347 2312 2319 2331 2302 2323 2392 3290 3296 3286 3283 3277 3128 3098 3088 3091 3091 3091 3091 3089 3092 3088 3088 3084 3088 3082 3083 3082 3086 3080 3090 3081 3081 3072
3372 3372 3367 3373 3375 3366 3376 3362 3366 3365 3367 3374 3366 3363 3365 3341 2343 2369 2349 2300 2282 2285 2261 2238 2242 2260 2263 2280 2285 2348 2335 -1 3340 3327 3332 3324 3321 3313 3329 3310 2448 2426 2386 2383 2374 2365 2334 2340 2329 2311 2334 2334 2407 -1 3285 3287 3290 3266 3277 3110 3089 3087 3091 3089 3097 3086 3089 3088 3090 3087 3088 3092 3087 3083 3083 3072 3080 3076 3075 3076 3073
3364 3380 3377 3368 3366 3364 3360 3371 3374 3359 3363 3360 3362 3339 3360 3336 -1 2341 2329 2282 2301 2279 2258 2246 2268 2261 2286 2274 2296 2288 2334 3166 3320 3322 3323 3315 3332 3332 3310 3223 2447 2408 2403 2374 2375 2369 2364 2353 2330 2316 2322 2390 2397 -1 3289 3283 3286 3277 3265 3111 3104 3085 3091 3100 3091 3090 3091 3091 3093 3089 3083 3087 3088 3087 3083 3081 3084 3080 3069 3077 3085
3378 3367 3386 3380 3381 3375 3367 3368 3365 3364 3353 3368 3369 3354 3360 3350 2422 2336 2354 2315 2312 2256 2278 2262 2288 2261 2276 2264 2295 2313 2364 3317 3338 3322 3326 3330 3320 3324 3319 2829 2404 2404 2397 2398 2363 2395 2351 2391 2343 2371 2338 2355 2362 2442 3295 3287 3283 3275 3274 3132 3090 3099 3097 3090 3094 3087 3087 3089 3089 3084 3092 3089 3082 3084 3083 3079 3075 3078 3079 3079 3071
3380 3373 3376 3370 3379 3372 3366 3364 3365 3364 3364 3365 3356 3373 3345 3348 2425 2400 2334 2305 2292 2263 2264 2294 2261 2295 2277 2259 2291 2305 -1 3316 3330 3313 3318 3320 3327 3310 3305 -1 2439 2383 2380 2394 2373 2386 2397 2373 2360 2385 2353 2337 2357 2424 3278 3272 3290 3284 3281 3116 3099 3096 3091 3087 3094 3087 3092 3089 3091 3088 3086 3078 3084 3084 3084 3085 3083 3084 3064 3083 3078
3368 3377 3368 3377 3365 3379 3371 3366 3365 3373 3359 3359 3364 3362 3368 2983 2371 2312 2322 2276 2263 2275 2264 2245 2265 2278 2298 2283 2341 2312 3377 3336 3328 3327 3329 3310 3311 3329 3297 2525 2407 2393 2388 2379 2374 2376 2367 2370 2376 2387 2372 2371 2406 2405 3280 3293 3272 3281 3287 3116 3102 3095 3092 3100 3090 3086 3090 3091 3082 3081 3083 3081 3079 3083 3080 3078 3077 3085 3072 3064 3086
3389 3365 3363 3370 3374 3370 3369 3377 3364 3359 3364 3356 3365 3360 3355 3129 2349 2345 2304 2283 2285 2285 2292 2267 2284 2278 2282 2279 2338 2337 3139 3317 3345 3324 3322 3320 3320 3313 3261 2469 2447 2412 2376 2398 2365 2369 2370 2365 2365 2372 2370 2371 2383 2420 3242 3299 3287 3282 3258 3126 3099 3097 3097 3092 3087 3092 3088 3088 3085 3092 3086 3088 3088 3086 3087 3079 3069 3073 3077 3088 3075
3343 3365 3369 3364 3386 3369 3353 3377 3374 3367 3369 3372 3350 3366 3365 3131 2364 2337 2313 2310 2289 2295 2276 2258 2268 2268 2277 2291 2278 2340 3317 3333 3323 3352 3323 3303 3343 3310 3200 2467 2429 2426 2381 2391 2398 2368 2386 2388 2385 2350 2375 2347 2369 2416 3283 3273 3294 3293 3260 3107 3093 3091 3095 3093 3092 3093 3089 3086 3082 3089 3085 3092 3090 3076 3079 3077 3088 3073 3077 3079 3083
3384 3363 3368 3364 3360 3360 3379 3375 3360 3346 3370 3353 3365 3315 3359 -1 2377 2321 2320 2299 2293 2315 2297 2309 2298 2288 2294 2323 2341 2311 3101 3303 3328 3335 3283 3297 3320 3332 2902 2461 2437 2419 2387 2375 2383 2398 2378 2372 2378 2387 2402 2399 2408 2428 3184 3275 3279 3294 3254 3108 3097 3095 3089 3097 3087 3092 3086 3096 3086 3088 3086 3091 3088 3090 3088 3077 3075 3089 3081 3076 3077
3373 3358 3347 3354 3366 3370 3371 3346 3355 3358 3359 3364 3373 3363 3327 -1 2324 2356 2342 2295 2310 2290 2319 2310 2299 2257 2308 2275 2315 2373 3312 3317 3325 3300 3319 3285 3301 3293 -1 2447 2436 2438 2377 2395 2402 2395 2401 2386 2385 2404 2376 2364 2402 2446 3250 3297 3198 3255 3257 3105 3100 3101 3093 3095 3092 3087 3092 3090 3092 3085 3093 3086 3084 3087 3085 3081 3083 3086 3079 3080 3070
3371 3360 3318 3357 3368 3343 3335 3364 3342 3357 3368 3358 3329 3349 3150 2418 2356 2332 2333 2342 2331 2295 2308 2322 2298 2317 2328 2301 2348 2307 3086 3284 3249 3316 3290 3286 3293 3262 2466 2449 2448 2423 2404 2360 2412 2411 2395 2398 2404 2403 2402 2396 2430 3237 3276 3246 3287 3249 3258 3096 3101 3095 3097 3092 3096 3094 3096 3092 3086 3091 3080 3094 3085 3083 3085 3086 3091 3075 3069 3081 3078
3365 3344 3360 3357 3365 3346 3362 3331 3327 3304 3292 3292 3281 3363 2894 2397 2397 2382 2356 2350 2331 2316 2307 2296 2317 2342 2345 2368 2342 2373 3122 3251 3280 3293 3261 3274 3257 3144 2474 2455 2434 2420 2399 2387 2377 2413 2408 2405 2401 2402 2405 2402 2432 3148 3225 3246 3159 3267 3164 3110 3090 3096 3091 3094 3094 3100 3091 3095 3092 3084 3091 3087 3090 3091 3081 3085 3084 3084 3087 3080 3080
3305 3341 3365 3357 3300 3352 3342 3293 3322 3341 3285 3323 3279 3309 2733 2383 2388 2352 2322 2363 2354 2301 2308 2292 2339 2318 2343 2347 2352 2393 3073 3167 3292 3256 3198 3235 3270 2852 2452 2450 2435 2423 2418 2397 2371 2403 2385 2409 2415 2407 2400 2424 2453 3110 3261 3280 3139 3182 3112 3095 3096 3094 3092 3090 3089 3090 3091 3088 3089 3090 3083 3090 3090 3084 3082 3094 3083 3087 3082 3085 3092
3317 3325 3341 3352 3331 3332 3275 3282 3300 3292 3202 3295 3241 3232 2930 2371 2372 2359 2391 2339 2337 2327 2348 2317 2297 2345 2342 2383 2407 2401 2822 3138 3210 3195 3250 3206 3253 2784 2461 2428 2452 2440 2406 2387 2373 2392 2402 2396 2403 2408 2407 2446 2558 3147 3133 3252 3117 3119 3126 3098 3095 3087 3104 3091 3088 3086 3089 3098 3084 3094 3090 3090 3083 3090 3069 3079 3082 3077 3088 3076 3082
3240 3288 3282 3267 3251 3230 3283 3243 3220 3232 3238 3298 3241 3237 2989 2414 2400 2373 2371 2330 2325 2328 2332 2313 2288 2334 2330 2318 2366 2421 2718 3180 3145 3204 3218 3146 3253 2855 2446 2428 2429 2436 2449 2412 2399 2408 2390 2415 2409 2417 2416 2461 2671 3102 3093 3097 3141 3137 3118 3098 3090 3100 3096 3079 3093 3089 3092 3088 3091 3085 3093 3086 3085 3080 3082 3083 3080 3083 3078 3080 3067
3225 3233 3237 3258 3234 3241 3279 3271 3166 3280 3234 3240 3226 3237 2948 2422 2397 2381 2370 2354 2333 2313 2318 2318 2335 2320 2366 2377 2378 2398 2651 3125 3201 3238 3168 3189 3148 2732 2438 2424 2454 2440 2433 2419 2377 2394 2408 2407 2409 2436 2416 2468 2758 3133 3115 3094 3112 3129 3122 3091 3087 3075 3087 3091 3076 3088 3094 3087 3090 3085 3077 3080 3087 3080 3065 3090 3077 3087 3072 3052 3082
3235 3262 3223 3191 3218 3235 3164 3184 3229 3212 3198 3165 3215 3216 2995 2405 2414 2366 2365 2342 2318 2340 2336 2346 2352 2400 2356 2391 2401 2423 2476 3106 3102 3113 3137 3126 3029 2563 2425 2432 2440 2417 2438 2419 2384 2406 2392 2397 2418 2445 2436 2460 2843 3065 3085 3105 3125 3107 3065 3079 3087 3090 3092 3084 3088 3078 3088 3082 3069 3078 3082 3086 3083 3070 3060 3069 3084 3061 3058 3077 3041
3219 3202 3177 3214 3217 3159 3165 3204 3218 3226 3163 3170 3158 3185 2997 2446 2404 2408 2383 2350 2333 2330 2344 2332 2352 2383 2373 2402 2411 2414 2566 3095 3072 3075 3095 3116 3076 2481 2446 2430 2425 2437 2427 2420 2393 2402 2394 2428 2407 2415 2444 2463 2883 3086 3091 3073 3084 3088 3071 3077 3093 3079 3067 3084 3093 3060 3070 3068 3073 3073 3070 3068 3082 3073 3090 3082 3055 3059 3077 3085 3043
3227 3170 3227 3175 3224 3224 3154 3170 3163 3150 3141 3153 3139 3144 3019 2485 2387 2409 2363 2363 2340 2316 2346 2354 2392 2378 2379 2432 2429 2419 2574 2990 2998 3122 3071 3107 3025 2489 2440 2433 2428 2419 2421 2430 2390 2397 2394 2409 2406 2415 2429 2484 3106 3082 3073 3055 3073 3082 3020 3058 3002 3036 3063 3070 3069 3087 3048 3030 3056 3076 3075 3044 3058 3068 3053 3074 3078 3053 3058 3064 3045
3159 3145 3135 3169 3129 3143 3148 3151 3168 3148 3137 3158 3125 3087 2976 2449 2444 2418 2376 2361 2333 2356 2362 2398 2400 2429 2439 2413 2423 2413 2590 3039 3076 3048 3077 3071 2944 2539 2432 2419 2451 2418 2423 2436 2409 2408 2382 2396 2412 2407 2412 2713 2949 3050 3093 3048 3040 3087 3031 3057 3066 3053 3043 3082 3041 3037 3059 3038 3036 3038 3081 3057 3036 3066 3038 3043 3053 3070 3002 2999 3045
3200 3194 3134 3161 3155 3141 3155 3156 3123 3099 3126 3119 3143 3112 2860 2537 2457 2413 2382 2348 2338 2364 2383 2415 2400 2421 2449 2400 2417 2441 2663 2991 2996 3015 3051 3064 3001 2533 2418 2424 2425 2424 2414 2425 2432 2408 2402 2375 2432 2426 2444 2902 3048 3064 3072 3053 3001 3030 3037 3043 3030 3031 3073 3049 3017 3027 3081 3069 3072 2994 3034 3036 3000 3001 3050 3004 3002 3025 2994 3042 3026
3175 3147 3112 3111 3127 3051 3107 3128 3138 3141 3129 3081 3115 3093 2877 2534 2462 2376 2394 2371 2316 2394 2422 2433 2418 2422 2390 2415 2420 2420 2753 2985 3062 3081 3057 2993 2936 2524 2433 2437 2426 2449 2426 2428 2417 2411 2407 2373 2406 2410 2597 2945 3027 3033 3044 3039 2973 3019 3064 3066 2996 3040 3026 3046 2980 3046 3064 2993 2973 3022 3040 3015 3010 2999 2984 3027 3011 3022 3006 3013 2961
3144 3150 3104 3047 3127 3107 3115 3003 3060 3136 3080 3024 2992 3035 2970 2621 2446 2428 2400 2384 2425 2405 2404 2417 2425 2410 2430 2417 2416 2449 2805 2972 2986 3008 2958 2992 2869 2476 2430 2426 2441 2428 2420 2413 2413 2433 2407 2407 2379 2465 2935 2986 2886 2891 2911 3046 3061 2998 3068 2988 3023 2942 3023 3012 3027 2941 3013 2990 2982 2985 3028 3028 2978 2990 3053 3010 2990 2946 3000 2991 2980
3123 3119 3117 3049 3100 3081 3060 3101 3037 3033 3030 3001 2979 3019 2905 2615 2454 2478 2386 2401 2408 2424 2416 2414 2429 2409 2421 2415 2421 2442 2833 2986 2952 2932 2983 3045 2835 2446 2432 2423 2422 2418 2419 2421 2396 2435 2415 2414 2429 2657 2948 2945 2950 2926 2913 2942 2982 3015 2929 2951 3021 2972 2974 3011 2938 2972 2943 2953 2924 2962 2953 2938 3027 3031 2979 2954 3028 2982 2985 2946 3012
3082 3056 3018 3056 3027 3010 3069 2994 3060 2993 3064 3049 3017 3061 2984 2602 2480 2457 2413 2405 2420 2426 2433 2411 2405 2412 2426 2408 2423 2448 2820 2886 2884 2992 2903 2927 2724 2449 2445 2427 2420 2425 2446 2411 2417 2422 2426 2402 2431 2772 2918 2933 2880 2942 2907 2925 2943 2928 2923 2900 2944 2944 2895 2943 2953 2933 3032 2974 2931 2953 2954 2946 2982 2945 2980 2982 2956 2969 2949 2955 2980
3026 3078 2984 2964 2991 3025 2992 3028 2988 2974 2999 3024 2984 2997 2907 2636 2467 2441 2423 2424 2440 2397 2412 2423 2422 2416 2407 2419 2432 2500 2844 2876 2880 2892 2851 2786 2472 2438 2427 2433 2423 2426 2426 2428 2411 2407 2415 2421 2478 2872 2883 2888 2884 2817 2882 2880 2943 2860 2890 2826 2874 2941 2943 2930 2917 2938 2880 2981 2913 2884 2946 3006 2958 2966 2951 2913 2958 2925 2961 2937 2918
3031 3032 3004 3021 3013 3087 2975 2994 2995 3021 2975 2941 3001 2917 2896 2493 2440 2426 2410 2422 2415 2398 2404 2413 2425 2419 2425 2412 2397 2554 2792 2775 2816 2875 2762 2531 2470 2427 2435 2433 2419 2416 2425 2429 2423 2386 2417 2412 2569 2870 2821 2797 2844 2896 2881 2891 2943 2881 2878 2885 2887 2895 2871 2876 2923 2895 2886 2944 2902 2905 2930 2894 2897 2905 2940 2939 2912 2898 2937 2976 2905
3059 2971 2927 3017 3016 2941 2986 2917 2963 2990 2968 2981 2989 2738 2493 2467 2416 2403 2421 2406 2417 2409 2404 2426 2407 2419 2417 2419 2429 2646 2722 2883 2765 2883 2538 2439 2405 2429 2458 2410 2419 2421 2423 2432 2411 2424 2421 2422 2602 2841 2833 2850 2889 2752 2881 2821 2879 2937 2882 2884 2902 2939 2902 2895 2878 2888 2907 2838 2918 2878 2898 2896 2885 2917 2915 2868 2865 2887 2898 2909 2931
2973 3020 2948 2991 2967 2968 2980 2980 2970 2916 2970 2939 2769 2492 2417 2428 2434 2411 2421 2425 2417 2413 2407 2397 2418 2429 2426 2420 2457 2765 2830 2813 2754 2747 2504 2486 2433 2433 2442 2427 2428 2428 2427 2405 2428 2404 2403 2427 2682 2769 2769 2839 2845 2812 2801 2884 2827 2917 2780 2879 2864 2876 2894 2892 2887 2848 2877 2886 2875 2879 2841 2913 2932 2924 2870 2926 2882 2890 2843 2934 2871
2937 2935 2950 2964 2968 2960 2953 2941 2903 2986 2923 2927 2507 2478 2442 2436 2409 2446 2420 2387 2413 2391 2416 2406 2423 2424 2429 2452 2614 2798 2775 2760 2777 2749 2477 2450 2442 2458 2438 2439 2416 2465 2444 2447 2429 2415 2430 2447 2604 2752 2759 2731 2808 2820 2752 2800 2822 2757 2792 2853 2817 2809 2845 2858 2900 2856 2828 2865 2897 2899 2841 2905 2889 2887 2979 2933 2864 2858 2946 2901 2886
2895 2972 2922 2903 2869 2855 2875 2871 2918 2976 2886 2835 2635 2489 2434 2439 2421 2447 2440 2432 2405 2403 2409 2410 2408 2421 2421 2436 2657 2738 2751 2745 2739 2678 2517 2449 2441 2469 2426 2467 2445 2433 2448 2422 2411 2432 2415 2420 2574 2680 2738 2781 2754 2814 2747 2735 2813 2759 2752 2809 2821 2757 2861 2828 2808 2784 2867 2831 2862 2907 2801 2878 2888 2907 2930 2867 2802 2820 2832 2903 2764
2860 2922 2859 2938 2876 2987 2878 2986 2878 2912 2860 2872 2787 2595 2427 2481 2426 2410 2410 2420 2410 2432 2440 2419 2418 2409 2425 2507 2625 2799 2797 2737 2689 2703 2520 2442 2436 2462 2473 2432 2480 2421 2415 2436 2406 2453 2433 2426 2491 2460 2654 2737 2743 2727 2732 2721 2797 2788 2743 2826 2838 2840 2814 2807 2810 2868 2773 2902 2842 2951 2831 2843 2822 2805 2790 2860 2779 2886 2847 2883 2897
3057 2906 2895 2871 2869 2858 2859 2977 2804 2876 2913 2788 2520 2427 2428 2413 2420 2437 2427 2423 2412 2420 2427 2399 2419 2415 2454 2668 2743 2649 2611 2735 2699 2816 2518 2479 2414 2423 2422 2429 2432 2417 2423 2423 2430 2414 2426 2400 2416 2483 2660 2719 2730 2707 2714 2762 2655 2692 2758 2797 2788 2801 2862 2745 2841 2842 2744 2746 2751 2885 2866 2834 2887 2733 2829 2874 2842 2717 2846 2845 2820
2871 2851 2852 2810 2886 2912 2820 2904 2792 2824 2735 2528 2487 2465 2439 2420 2423 2410 2459 2421 2435 2428 2426 2420 2419 2417 2609 2610 2623 2748 2615 2749 2741 2686 2649 2486 2474 2445 2425 2442 2447 2428 2435 2412 2395 2441 2420 2432 2473 2479 2615 2662 2707 2678 2682 2732 2731 2691 2723 2735 2771 2751 2707 2831 2782 2690 2744 2788 2867 2819 2899 2818 2770 2836 2762 2766 2733 2829 2895 2848 2811
2885 2893 2873 2880 2864 2629 2858 2754 2778 2683 2557 2461 2449 2434 2437 2429 2434 2436 2440 2430 2412 2444 2417 2424 2475 2432 2545 2613 2597 2592 2590 2722 2602 2626 2662 2505 2444 2476 2463 2462 2422 2417 2364 2407 2422 2394 2440 2395 2413 2546 2734 2673 2734 2732 2613 2640 2721 2642 2698 2603 2823 2763 2840 2761 2775 2744 2775 2804 2734 2964 2692 2681 2810 2851 2758 2744 2686 2836 2699 2715 2761
2890 2890 2924 2822 2791 2765 2728 2820 2676 2554 2483 2441 2473 2479 2433 2424 2424 2404 2427 2422 2448 2418 2430 2443 2413 2535 2604 2603 2545 2662 2611 2581 2556 2615 2532 2483 2441 2492 2458 2470 2411 2410 2423 2421 2421 2425 2434 2434 2454 2555 2498 2593 2548 2590 2658 2638 2648 2697 2596 2696 2677 2738 2684 2682 2722 2687 2692 2814 2824 2756 2805 2683 2797 2810 2684 2744 2905 2792 2777 2775 2803
