314 308 303 298 292 287 282 278 271 266 260 254 252 243 241 234 230 223 218 212 206 201 194 189 184 179 174 168 162 158 152 147 142 137 130 125 119 114 109 103 99 93 86 81 75 70 65 60 54 49 43 37 31 26 21 15 10 5 0 -6 -12 -18 -23 -28 -34 -39 -45 -51 -57 -62 -67 -72 -78 -84 -90 -95 -101 -106 -112 -117 -123 -128 -135 -139 -145 -151 -156 -161 -168 -174 -179 -185 -191 -196 -201 -208 -213 -218 -224 -228 -236
314 309 305 299 292 288 281 277 273 267 261 256 250 245 239 232 229 224 219 213 207 203 196 191 184 179 173 169 162 158 152 147 142 137 131 125 120 114 109 104 98 93 87 81 76 70 65 59 54 49 43 37 31 26 21 16 10 5 0 -6 -12 -18 -23 -29 -34 -39 -46 -52 -57 -62 -68 -73 -78 -85 -90 -95 -100 -106 -112 -117 -123 -129 -135 -140 -146 -151 -156 -161 -169 -174 -179 -185 -190 -197 -202 -208 -212 -218 -225 -231 -235
315 310 305 299 294 290 286 277 269 266 261 255 249 247 239 234 230 224 217 213 206 201 196 191 184 180 175 168 164 158 153 147 141 137 131 126 119 114 108 104 98 92 88 82 75 70 65 59 54 48 43 38 31 26 21 15 10 5 0 -6 -12 -18 -23 -29 -34 -39 -46 -51 -56 -62 -67 -73 -78 -85 -91 -96 -101 -106 -111 -117 -124 -130 -134 -139 -146 -151 -157 -161 -169 -174 -180 -184 -190 -196 -202 -207 -212 -219 -225 -231 -237
317 311 305 300 296 290 285 277 272 267 262 256 248 244 238 233 229 223 219 212 207 201 196 190 186 181 175 170 163 158 153 147 142 137 132 127 121 113 109 103 97 92 87 82 75 70 65 60 54 49 44 38 31 26 21 15 10 5 0 -6 -13 -18 -23 -28 -34 -39 -46 -51 -56 -62 -67 -73 -78 -85 -90 -96 -101 -107 -112 -117 -124 -129 -135 -140 -145 -150 -157 -163 -169 -174 -179 -187 -191 -196 -201 -209 -214 -220 -227 -231 -236
315 312 307 300 294 289 284 279 273 268 262 257 252 245 241 235 229 223 217 213 207 201 196 191 186 181 174 170 165 159 153 148 143 136 133 126 121 115 108 104 98 92 87 82 76 70 65 60 54 49 44 38 33 26 21 16 10 5 0 -6 -13 -18 -23 -28 -34 -39 -46 -51 -56 -62 -67 -73 -79 -85 -90 -96 -102 -106 -112 -119 -124 -129 -134 -140 -146 -151 -158 -163 -169 -173 -180 -185 -191 -196 -203 -209 -215 -220 -226 -232 -234
316 309 304 302 296 289 285 279 273 269 262 258 251 246 243 235 230 225 220 213 209 203 196 193 186 179 175 170 165 160 155 147 143 137 132 126 120 115 110 104 98 92 87 82 77 71 65 59 54 49 43 38 33 26 21 15 10 5 0 -6 -12 -18 -23 -28 -34 -39 -46 -51 -57 -62 -67 -73 -80 -84 -90 -95 -101 -106 -110 -118 -124 -128 -134 -140 -146 -150 -158 -163 -169 -174 -180 -186 -191 -198 -203 -210 -215 -220 -226 -231 -237
316 311 306 298 295 290 285 280 272 268 263 258 251 245 241 237 228 226 220 214 210 202 197 190 185 180 175 169 164 160 153 149 144 136 131 125 121 115 109 104 97 93 87 82 76 71 65 59 54 49 43 38 33 26 21 15 10 5 0 -6 -12 -18 -23 -29 -34 -39 -46 -51 -57 -62 -68 -73 -79 -85 -90 -95 -101 -106 -113 -119 -124 -129 -135 -140 -146 -153 -159 -164 -169 -174 -181 -185 -192 -197 -202 -210 -214 -221 -227 -232 -237
318 312 307 302 294 291 285 278 272 268 262 256 254 247 241 236 231 227 221 213 209 203 198 192 187 178 175 169 165 159 152 148 143 136 131 125 120 115 110 105 98 93 87 82 77 71 65 59 54 48 43 38 33 27 21 15 10 5 0 -6 -12 -18 -23 -28 -34 -39 -46 -51 -56 -62 -67 -72 -80 -85 -90 -96 -101 -106 -113 -119 -124 -130 -134 -140 -147 -152 -158 -162 -169 -175 -180 -187 -191 -199 -205 -207 -215 -220 -226 -233 -237
318 313 306 299 296 289 284 280 275 269 264 257 251 245 239 235 232 224 219 214 209 203 198 193 185 180 175 169 164 158 154 148 143 137 131 125 120 115 110 104 99 93 87 82 77 71 66 59 54 49 44 38 33 27 21 15 10 5 0 -6 -12 -18 -23 -28 -34 -39 -46 -51 -56 -62 -67 -74 -80 -85 -90 -96 -101 -108 -113 -118 -123 -129 -134 -139 -147 -152 -158 -164 -169 -175 -180 -187 -192 -198 -205 -209 -215 -221 -227 -234 -239
317 312 307 302 296 291 285 281 273 268 262 257 252 244 242 236 230 225 219 215 209 203 196 193 185 181 177 169 163 158 154 147 142 137 132 126 120 114 110 104 99 93 86 82 77 70 65 60 53 49 43 38 33 27 21 15 10 5 0 -6 -12 -18 -23 -28 -34 -39 -46 -51 -56 -62 -67 -74 -80 -85 -90 -96 -101 -108 -114 -119 -125 -130 -135 -142 -147 -152 -158 -163 -169 -175 -182 -187 -193 -199 -205 -209 -214 -222 -226 -234 -238
318 312 307 301 296 292 284 278 272 269 263 258 251 249 242 234 230 225 219 216 209 202 196 192 186 181 175 171 166 158 152 148 143 135 132 127 120 115 109 104 99 94 87 82 77 71 66 61 54 48 43 38 33 28 21 16 10 5 0 -6 -13 -18 -23 -28 -34 -40 -46 -51 -56 -62 -68 -74 -79 -85 -90 -96 -103 -108 -113 -118 -123 -129 -137 -142 -148 -153 -157 -163 -167 -175 -181 -188 -192 -198 -205 -210 -217 -221 -227 -231 -238
317 313 307 301 297 291 284 281 276 269 264 258 254 246 241 237 231 225 220 214 208 201 197 192 186 181 175 171 165 161 155 147 143 137 132 126 122 116 110 105 99 94 89 82 76 71 66 61 54 49 43 38 33 27 21 15 10 5 0 -6 -12 -18 -23 -28 -34 -40 -46 -51 -57 -61 -67 -74 -79 -85 -90 -95 -102 -108 -113 -118 -123 -129 -136 -141 -146 -153 -158 -164 -171 -175 -182 -187 -191 -199 -204 -211 -217 -222 -228 -233 -239
320 313 308 301 297 288 284 278 273 268 262 258 252 246 241 238 231 226 221 214 210 203 199 192 185 180 175 170 165 158 155 148 144 137 133 126 123 114 109 104 98 94 89 82 76 71 66 61 55 48 43 38 33 27 21 15 10 5 0 -6 -13 -18 -23 -29 -34 -40 -46 -51 -56 -62 -69 -74 -79 -85 -90 -96 -103 -108 -113 -118 -124 -131 -137 -141 -146 -152 -157 -164 -171 -175 -181 -187 -192 -199 -205 -210 -216 -221 -228 -231 -237
320 313 310 301 297 292 286 280 274 268 262 258 253 247 243 236 232 225 219 215 210 205 197 194 186 181 176 171 164 160 155 149 143 137 133 127 122 117 110 104 99 94 88 81 77 71 66 61 55 48 43 38 33 27 21 15 10 5 0 -6 -12 -18 -23 -28 -34 -41 -46 -51 -57 -61 -69 -75 -80 -84 -90 -98 -103 -107 -113 -119 -123 -130 -136 -141 -147 -153 -159 -165 -171 -176 -181 -187 -193 -201 -205 -210 -217 -221 -227 -234 -240
321 313 308 302 299 292 285 280 275 271 265 260 253 247 241 236 231 225 221 215 210 204 199 192 188 179 176 170 165 159 154 149 143 137 133 127 122 117 111 104 99 94 88 83 76 71 62 58 55 48 44 38 33 27 22 16 10 5 0 -6 -13 -18 -23 -28 -34 -40 -46 -51 -57 -62 -69 -74 -79 -84 -89 -97 -103 -108 -113 -119 -125 -131 -137 -141 -147 -153 -159 -164 -169 -175 -182 -188 -195 -199 -206 -210 -216 -221 -227 -235 -240
319 314 309 303 298 292 287 282 274 269 265 258 254 248 241 236 232 225 220 215 210 204 199 193 188 182 178 170 164 161 153 150 143 137 132 126 122 116 111 104 99 94 88 83 76 71 59 57 55 49 43 38 32 27 22 15 10 5 0 -6 -13 -18 -23 -28 -34 -41 -46 -51 -57 -62 -69 -74 -80 -85 -90 -98 -103 -108 -113 -118 -125 -131 -136 -141 -147 -154 -160 -163 -171 -175 -181 -189 -195 -200 -206 -211 -216 -222 -229 -233 -240
319 315 310 301 297 291 286 281 275 268 262 260 255 247 243 240 233 227 219 213 208 203 198 193 188 182 178 171 166 159 154 149 144 138 133 127 121 116 112 104 99 93 88 83 78 71 55 53 55 50 43 38 33 27 22 15 10 5 0 -6 -13 -18 -23 -29 -35 -41 -46 -52 -57 -64 -69 -74 -79 -85 -92 -98 -103 -108 -112 -119 -124 -130 -136 -141 -148 -153 -158 -165 -170 -176 -184 -187 -194 -199 -205 -211 -216 -224 -229 -234 -240
320 317 309 303 299 292 287 282 275 269 264 258 254 247 243 237 232 229 222 215 210 204 198 193 189 181 177 172 166 159 155 148 144 138 134 127 122 116 110 105 99 94 88 83 79 69 53 49 54 51 43 38 32 27 22 15 10 5 0 -6 -12 -18 -23 -29 -35 -40 -46 -52 -57 -64 -69 -74 -79 -85 -92 -97 -103 -108 -113 -120 -125 -130 -136 -141 -149 -154 -158 -164 -169 -175 -180 -188 -195 -198 -206 -211 -217 -224 -229 -235 -241
322 315 312 303 299 293 289 279 274 269 263 259 254 249 243 240 234 227 220 214 209 204 199 193 188 182 178 172 167 158 154 148 143 138 134 127 120 115 110 105 97 85 88 84 79 66 53 48 47 51 44 38 32 27 22 15 10 5 0 -6 -12 -18 -23 -29 -36 -41 -46 -52 -57 -63 -68 -74 -79 -85 -92 -98 -102 -107 -112 -119 -125 -131 -137 -143 -148 -153 -159 -165 -170 -177 -182 -189 -194 -199 -206 -213 -217 -224 -228 -235 -241
323 316 308 305 298 293 286 284 276 273 265 260 254 247 243 238 233 226 219 216 211 205 200 193 188 182 177 172 166 159 153 149 144 138 133 128 120 115 111 106 97 81 88 84 78 61 53 48 44 49 44 38 33 27 22 15 10 5 0 -7 -12 -18 -23 -28 -35 -40 -46 -51 -57 -63 -69 -75 -79 -86 -91 -97 -101 -106 -114 -120 -125 -131 -136 -143 -148 -153 -159 -164 -172 -177 -183 -189 -194 -199 -206 -214 -218 -224 -229 -235 -241
321 316 311 305 300 293 289 281 275 270 266 259 255 247 243 238 231 226 220 216 209 206 199 195 187 180 176 172 165 160 155 150 143 138 132 128 122 116 111 104 95 79 88 85 78 59 53 49 44 42 45 38 32 27 22 15 10 5 0 -7 -12 -18 -23 -28 -35 -40 -46 -51 -58 -63 -69 -74 -80 -86 -91 -95 -101 -108 -114 -118 -126 -131 -138 -142 -148 -154 -159 -165 -171 -177 -181 -188 -194 -200 -207 -210 -218 -224 -230 -237 -242
323 318 310 304 299 293 288 283 277 269 265 258 254 248 245 239 233 227 219 217 212 206 201 195 188 181 176 172 165 161 155 150 144 138 133 127 122 115 111 105 94 79 87 85 75 59 53 49 44 40 43 39 33 27 22 15 10 5 0 -7 -12 -18 -23 -28 -35 -40 -46 -51 -57 -63 -68 -73 -79 -86 -91 -97 -102 -109 -114 -120 -126 -131 -138 -142 -148 -154 -158 -166 -172 -177 -182 -189 -195 -200 -206 -212 -218 -224 -228 -236 -241
322 316 311 305 300 291 286 280 276 272 266 260 255 245 243 238 232 227 220 213 210 205 199 194 189 183 177 170 164 160 155 150 144 138 133 129 122 115 111 105 93 80 88 84 72 59 53 49 45 40 37 38 33 27 22 15 10 5 0 -7 -13 -18 -23 -29 -35 -40 -45 -51 -57 -63 -68 -74 -79 -86 -90 -96 -101 -108 -114 -119 -124 -130 -136 -142 -148 -154 -161 -167 -171 -177 -182 -188 -195 -201 -207 -212 -217 -224 -231 -236 -241
322 318 311 306 297 293 288 282 274 273 264 260 255 249 243 239 233 227 219 216 211 204 200 194 187 183 178 171 165 160 154 151 144 137 133 127 122 118 110 104 94 77 88 84 67 58 54 49 45 40 36 36 33 27 22 15 10 5 0 -7 -12 -18 -23 -28 -35 -40 -46 -51 -58 -63 -68 -74 -80 -86 -91 -96 -101 -108 -114 -119 -125 -131 -137 -143 -148 -153 -160 -167 -171 -175 -182 -190 -196 -202 -208 -211 -218 -226 -229 -237 -242
321 317 311 306 301 296 288 283 277 271 265 258 256 250 244 237 232 227 222 216 211 206 198 195 188 182 178 172 165 160 155 149 145 138 132 126 123 117 111 105 94 76 87 83 63 58 54 49 44 40 36 32 33 27 22 15 10 5 0 -7 -12 -18 -23 -28 -35 -40 -45 -51 -57 -62 -69 -73 -80 -85 -91 -97 -101 -109 -115 -120 -125 -132 -136 -142 -148 -155 -161 -166 -172 -178 -183 -191 -195 -202 -207 -211 -219 -226 -230 -235 -243
322 317 313 305 300 295 287 283 279 269 265 262 256 250 243 238 231 225 221 216 211 206 198 193 186 182 176 173 166 160 155 149 144 139 132 128 122 116 113 107 98 76 76 83 63 58 54 49 44 40 36 31 32 28 22 15 10 5 0 -6 -13 -18 -23 -28 -35 -40 -46 -50 -51 -62 -69 -73 -81 -85 -91 -97 -103 -108 -114 -119 -128 -132 -137 -143 -148 -156 -161 -167 -172 -178 -185 -191 -196 -202 -208 -215 -220 -225 -230 -238 -242
324 317 311 304 299 294 289 285 277 272 266 260 255 250 245 238 232 227 220 216 209 205 201 193 188 181 177 172 168 161 154 149 145 137 133 127 121 117 112 107 99 79 71 81 63 58 55 49 44 41 36 32 29 28 22 17 10 5 0 -6 -12 -18 -23 -28 -35 -40 -46 -45 -50 -64 -69 -73 -80 -85 -91 -96 -104 -108 -115 -119 -127 -131 -138 -143 -149 -155 -161 -167 -172 -180 -186 -191 -195 -203 -209 -215 -222 -226 -230 -239 -246
324 318 314 307 300 296 287 282 278 273 268 262 255 250 244 240 233 229 222 216 212 206 200 195 189 182 178 172 166 161 155 148 143 139 133 127 122 117 113 107 101 82 69 80 63 59 55 50 45 40 36 32 27 28 22 17 10 5 0 -6 -12 -18 -23 -28 -35 -41 -45 -43 -53 -63 -69 -74 -80 -86 -91 -96 -103 -109 -115 -119 -127 -132 -137 -143 -150 -155 -162 -168 -173 -180 -185 -191 -196 -202 -209 -214 -220 -226 -232 -239 -243
325 319 313 306 301 294 291 284 275 272 264 260 255 247 243 239 233 227 221 218 212 207 202 195 189 183 177 172 168 162 157 149 145 139 134 128 121 117 112 109 100 83 68 77 63 59 54 50 45 41 36 32 27 26 22 17 10 5 0 -6 -12 -18 -23 -28 -35 -41 -42 -44 -58 -64 -68 -75 -80 -86 -91 -98 -102 -108 -114 -120 -127 -131 -136 -142 -150 -156 -162 -167 -174 -180 -184 -191 -197 -203 -209 -214 -218 -224 -232 -238 -241
326 318 313 308 302 295 290 285 278 271 267 260 255 251 246 241 233 230 222 217 212 207 200 194 190 183 177 171 167 162 155 150 144 139 134 129 122 117 112 108 101 82 67 74 63 59 55 50 45 41 36 32 26 24 22 17 10 5 0 -6 -12 -18 -23 -28 -35 -40 -40 -49 -59 -63 -68 -75 -80 -86 -92 -98 -103 -108 -114 -121 -126 -131 -137 -145 -149 -155 -162 -167 -173 -181 -185 -190 -198 -204 -208 -214 -218 -226 -233 -238 -244
322 320 313 305 301 295 289 284 278 273 267 262 256 248 245 239 232 229 224 217 212 205 201 195 190 184 179 172 167 161 156 150 144 140 132 129 121 115 112 108 99 81 67 71 64 59 55 50 45 41 36 32 27 23 22 17 10 5 0 -6 -12 -17 -23 -28 -36 -39 -42 -53 -59 -63 -68 -75 -80 -86 -91 -97 -103 -108 -114 -120 -126 -132 -138 -144 -150 -154 -161 -168 -176 -181 -185 -190 -196 -203 -210 -215 -219 -225 -233 -237 -243
326 319 314 306 300 294 290 286 279 273 266 262 256 251 245 240 235 229 223 217 210 206 201 194 190 183 178 173 166 161 154 150 144 138 133 128 122 116 111 107 96 76 66 69 64 59 55 50 46 41 36 32 27 22 21 17 10 5 0 -6 -12 -18 -23 -30 -35 -38 -45 -53 -58 -63 -68 -75 -80 -86 -91 -98 -102 -108 -116 -121 -126 -131 -138 -144 -149 -155 -160 -168 -175 -181 -185 -192 -198 -204 -209 -215 -220 -228 -231 -239 -245
325 321 313 305 301 297 290 285 280 272 268 262 258 251 247 240 233 228 222 217 214 205 201 195 191 183 177 173 167 162 156 149 146 138 133 128 123 116 113 108 90 74 66 67 64 59 55 51 46 41 36 32 27 22 20 17 10 5 0 -6 -12 -18 -23 -30 -34 -38 -46 -53 -58 -62 -68 -74 -80 -85 -92 -98 -103 -109 -114 -120 -126 -132 -138 -143 -150 -155 -163 -168 -174 -181 -186 -192 -197 -204 -208 -216 -222 -229 -232 -239 -246
326 319 314 309 303 297 292 284 280 273 269 262 254 253 246 240 233 229 223 216 211 207 202 196 188 183 178 174 167 163 156 150 146 141 134 129 124 118 112 105 86 75 65 66 64 59 55 51 46 41 37 32 28 22 19 17 10 5 0 -6 -12 -18 -23 -30 -33 -40 -47 -52 -58 -62 -69 -75 -81 -86 -92 -98 -103 -108 -116 -121 -126 -131 -139 -144 -149 -155 -163 -167 -175 -179 -187 -193 -198 -204 -208 -215 -221 -229 -233 -237 -245
325 318 315 308 305 299 291 288 281 273 268 261 256 250 247 240 235 231 222 217 212 206 202 196 191 183 179 174 167 162 156 150 146 139 133 127 123 117 112 104 85 75 65 64 64 60 55 50 46 41 36 32 28 22 18 17 10 5 0 -6 -12 -18 -23 -29 -33 -41 -46 -52 -57 -63 -69 -75 -80 -86 -92 -99 -104 -110 -116 -121 -125 -133 -138 -145 -151 -156 -162 -166 -173 -179 -187 -193 -198 -202 -210 -215 -222 -228 -233 -240 -245
329 317 316 310 303 297 292 289 282 275 268 262 258 251 248 241 236 229 224 219 212 207 202 196 191 183 179 172 168 162 155 151 144 140 133 128 124 118 113 103 85 74 66 64 64 60 55 50 46 41 36 32 28 22 18 16 10 5 0 -6 -12 -18 -23 -27 -34 -41 -46 -52 -58 -63 -70 -75 -80 -86 -93 -98 -102 -110 -115 -121 -127 -133 -138 -144 -149 -156 -163 -168 -172 -181 -188 -194 -199 -205 -212 -215 -222 -228 -234 -239 -245
328 321 314 308 304 297 292 287 282 276 271 264 257 252 244 241 234 230 223 218 210 206 202 193 190 185 179 174 168 162 158 151 146 141 135 128 124 118 115 103 85 74 65 64 64 60 54 50 46 42 36 32 28 22 18 15 10 5 0 -6 -12 -18 -22 -27 -35 -41 -46 -52 -57 -63 -69 -75 -80 -87 -91 -97 -102 -110 -115 -121 -127 -134 -138 -144 -150 -157 -162 -169 -175 -181 -185 -191 -199 -206 -211 -216 -223 -229 -235 -240 -246
327 322 317 307 301 298 292 286 281 275 271 264 257 252 247 239 234 229 225 219 213 206 202 197 190 185 179 174 169 163 157 151 145 140 135 129 123 117 114 103 84 73 67 63 64 60 55 50 46 42 37 32 28 22 18 14 10 5 0 -6 -13 -17 -20 -29 -36 -40 -45 -52 -57 -63 -70 -75 -81 -87 -92 -98 -104 -110 -116 -122 -128 -133 -138 -143 -152 -158 -163 -168 -175 -181 -187 -191 -201 -206 -210 -215 -222 -230 -233 -241 -245
326 320 317 311 305 298 290 285 280 277 270 264 257 253 248 241 236 228 224 217 212 206 201 194 191 184 180 173 168 162 157 152 146 141 136 131 123 117 114 104 84 73 67 63 64 60 55 50 46 42 36 32 28 22 18 14 12 5 0 -6 -12 -16 -20 -30 -35 -40 -47 -52 -57 -63 -70 -74 -81 -87 -92 -98 -105 -110 -115 -120 -128 -133 -140 -144 -151 -156 -163 -167 -176 -181 -188 -193 -199 -208 -211 -215 -224 -230 -235 -241 -248
330 323 318 313 304 298 294 287 283 275 270 265 257 253 244 243 235 230 224 217 211 209 202 196 190 184 180 174 168 163 157 152 147 142 136 130 123 117 114 106 84 73 67 63 64 60 56 50 46 42 37 32 28 22 18 14 11 5 0 -6 -12 -15 -22 -30 -35 -40 -46 -52 -57 -63 -70 -74 -80 -87 -92 -98 -105 -110 -115 -121 -128 -134 -139 -146 -151 -157 -162 -168 -174 -183 -187 -194 -201 -206 -212 -216 -224 -229 -234 -240 -248
326 323 316 309 303 296 294 288 281 274 269 263 256 252 247 241 235 231 225 209 193 202 202 194 190 185 178 175 168 164 157 152 148 140 136 130 123 117 114 106 84 73 67 63 64 60 56 51 46 42 36 32 28 23 18 14 11 5 0 -6 -11 -15 -23 -30 -35 -40 -47 -52 -57 -64 -69 -74 -80 -87 -92 -97 -103 -109 -115 -121 -128 -133 -139 -146 -152 -155 -162 -168 -174 -181 -188 -195 -200 -205 -213 -220 -224 -231 -237 -240 -246
328 324 317 311 306 299 293 288 283 278 268 264 258 253 245 242 235 233 226 216 177 175 188 198 192 184 177 175 170 162 157 152 147 141 134 129 124 118 114 105 84 73 67 63 63 60 56 51 46 42 36 32 28 24 18 14 11 5 0 -5 -10 -16 -24 -30 -35 -40 -46 -52 -57 -64 -69 -75 -82 -86 -92 -98 -105 -110 -114 -122 -128 -132 -139 -146 -151 -156 -163 -169 -176 -181 -187 -193 -199 -206 -210 -219 -224 -228 -234 -242 -247
328 321 318 307 303 298 294 287 283 275 270 266 256 252 247 241 236 231 229 223 185 165 165 176 195 185 180 173 167 161 157 151 146 140 134 129 124 117 115 104 84 72 67 64 63 61 56 51 46 42 38 32 28 24 18 14 10 5 0 -5 -10 -17 -24 -30 -35 -40 -47 -52 -57 -64 -69 -75 -81 -87 -93 -99 -104 -109 -115 -122 -126 -132 -140 -145 -152 -157 -163 -169 -175 -180 -187 -193 -200 -205 -212 -219 -223 -229 -236 -242 -249
328 326 320 310 303 299 292 286 282 275 270 266 259 253 247 242 236 229 228 224 194 164 161 159 169 188 181 173 168 162 156 151 145 140 134 129 124 118 115 104 85 72 67 63 62 61 56 51 46 42 38 32 28 24 18 14 10 5 0 -5 -11 -18 -23 -30 -35 -40 -47 -52 -57 -64 -70 -75 -82 -87 -92 -99 -105 -110 -115 -122 -128 -133 -141 -146 -153 -157 -164 -170 -175 -181 -187 -192 -200 -206 -215 -218 -224 -229 -237 -243 -247
327 323 316 311 300 297 294 290 281 274 270 265 260 254 247 242 235 230 228 223 195 165 160 157 156 170 182 175 167 163 157 152 146 140 134 129 124 118 114 103 85 73 67 63 62 61 56 52 46 42 38 32 28 24 18 14 10 5 0 -5 -11 -18 -23 -29 -35 -40 -46 -52 -57 -64 -69 -74 -82 -87 -92 -100 -105 -109 -116 -123 -127 -133 -140 -145 -151 -158 -164 -169 -174 -181 -186 -194 -200 -206 -213 -220 -223 -227 -235 -242 -249
330 324 319 310 274 291 295 289 281 274 269 265 258 252 247 241 235 230 228 224 191 163 159 156 153 153 168 177 168 164 157 152 146 141 135 129 124 118 114 102 86 73 67 64 61 60 56 52 46 42 38 33 28 24 18 14 9 4 0 -5 -12 -18 -23 -30 -35 -40 -47 -52 -57 -63 -69 -75 -82 -87 -91 -99 -105 -110 -117 -122 -127 -135 -140 -145 -152 -158 -164 -169 -174 -182 -188 -195 -199 -207 -214 -219 -224 -232 -238 -242 -246
326 324 321 311 252 252 295 294 283 276 270 264 259 254 249 241 236 230 227 222 180 165 160 155 150 149 151 167 172 163 156 150 146 140 136 129 123 119 115 101 85 74 68 64 62 60 56 52 46 42 38 32 28 24 18 14 9 4 0 -5 -13 -18 -23 -29 -35 -40 -47 -52 -58 -64 -69 -75 -82 -86 -93 -99 -105 -110 -117 -122 -129 -135 -140 -147 -152 -158 -164 -169 -177 -181 -186 -194 -200 -207 -212 -218 -222 -231 -237 -243 -247
329 323 322 312 250 230 267 294 286 278 270 265 257 252 248 243 237 232 230 218 176 165 159 156 152 149 146 146 165 167 158 151 146 141 135 129 123 118 114 100 85 74 68 64 61 60 56 52 46 42 38 32 28 24 18 14 10 4 0 -5 -13 -18 -23 -29 -35 -40 -47 -52 -57 -64 -69 -75 -81 -87 -93 -100 -105 -110 -117 -123 -127 -133 -140 -145 -153 -159 -163 -169 -176 -182 -189 -192 -200 -206 -213 -219 -227 -232 -237 -244 -250
330 325 320 312 254 223 231 276 289 279 271 265 248 239 247 243 237 232 229 214 172 165 161 155 151 149 146 141 143 164 161 151 145 141 135 129 123 118 113 98 86 76 67 64 61 59 56 52 46 42 38 33 28 24 18 14 10 4 0 -5 -13 -18 -23 -30 -34 -40 -46 -52 -57 -64 -69 -75 -82 -86 -92 -99 -104 -110 -117 -123 -128 -134 -140 -145 -153 -158 -164 -169 -176 -182 -188 -194 -201 -206 -212 -218 -228 -231 -238 -243 -251
332 327 325 319 257 224 219 231 281 282 273 267 254 221 242 245 236 233 229 207 169 164 159 156 152 148 145 141 137 141 160 155 145 140 135 129 123 118 116 97 86 77 67 64 61 60 56 52 46 42 38 33 28 24 18 14 9 4 0 -6 -13 -18 -23 -29 -35 -40 -47 -52 -57 -64 -70 -75 -82 -87 -92 -99 -105 -111 -117 -122 -128 -135 -140 -145 -152 -157 -164 -171 -176 -182 -188 -194 -201 -205 -211 -221 -227 -232 -239 -244 -250
332 326 322 316 275 226 218 219 236 282 276 268 259 223 217 243 240 234 229 198 168 165 160 156 152 148 145 140 136 135 148 156 147 140 135 130 123 119 115 96 87 78 68 64 61 60 56 51 46 42 38 32 28 24 18 14 9 4 0 -6 -13 -18 -23 -29 -35 -40 -46 -52 -57 -64 -69 -77 -81 -87 -94 -100 -105 -111 -116 -122 -128 -136 -141 -145 -152 -157 -163 -171 -176 -182 -187 -195 -201 -207 -212 -218 -225 -231 -238 -243 -251
330 327 322 317 289 229 219 215 216 251 277 271 262 242 210 228 242 235 227 189 168 165 160 155 152 148 145 141 137 133 134 153 150 141 134 130 123 119 115 95 87 79 67 64 61 59 55 52 46 42 38 33 28 24 19 14 9 4 0 -6 -13 -18 -23 -29 -35 -40 -47 -52 -57 -64 -69 -76 -82 -87 -95 -100 -105 -111 -117 -122 -129 -136 -140 -146 -153 -158 -164 -172 -176 -183 -187 -195 -199 -205 -213 -218 -224 -231 -238 -246 -251
330 325 323 319 303 237 219 217 213 217 264 271 266 254 217 210 241 238 229 186 167 163 161 156 153 148 145 140 136 132 129 136 151 143 135 130 123 119 115 94 87 80 68 64 62 59 56 51 46 42 38 33 28 24 18 14 9 4 0 -6 -13 -18 -23 -30 -35 -40 -47 -52 -58 -64 -70 -76 -82 -87 -94 -100 -104 -111 -117 -122 -128 -135 -141 -148 -152 -159 -164 -171 -176 -182 -191 -195 -200 -205 -213 -221 -226 -230 -239 -246 -250
330 324 319 319 309 246 222 217 210 210 223 269 267 257 238 209 232 240 226 185 168 164 158 156 151 150 145 141 137 134 128 128 148 144 136 129 124 120 114 94 87 81 70 65 61 59 56 51 47 42 38 33 28 24 19 14 9 4 0 -6 -13 -18 -23 -29 -35 -40 -46 -52 -59 -65 -69 -77 -82 -87 -94 -99 -105 -113 -117 -122 -130 -134 -141 -148 -153 -159 -165 -172 -178 -181 -189 -196 -202 -207 -214 -220 -225 -231 -239 -245 -250
333 325 321 318 310 259 222 216 211 209 211 244 266 261 249 220 223 239 226 185 168 165 159 154 153 149 145 140 136 133 128 126 134 146 138 130 125 119 115 94 87 81 71 65 61 59 55 51 47 42 38 34 28 24 19 14 9 4 0 -6 -13 -18 -23 -30 -35 -40 -47 -52 -59 -65 -70 -77 -81 -87 -95 -100 -104 -113 -116 -122 -131 -135 -141 -147 -154 -158 -166 -171 -177 -182 -190 -195 -202 -209 -214 -218 -224 -230 -240 -245 -250
331 326 320 319 311 283 227 219 213 208 206 212 256 261 254 238 219 236 226 183 169 165 159 157 153 149 144 140 137 133 128 124 125 146 138 130 124 119 114 94 88 82 72 65 62 59 55 51 47 42 38 34 28 24 19 14 9 4 0 -6 -13 -18 -23 -29 -35 -41 -47 -52 -59 -65 -70 -77 -82 -87 -95 -100 -105 -112 -117 -123 -130 -136 -140 -149 -152 -158 -166 -172 -176 -184 -181 -174 -200 -210 -217 -221 -225 -234 -238 -245 -253
331 327 322 316 313 297 236 218 212 209 205 206 222 261 258 244 227 222 223 180 168 166 160 155 152 149 145 141 138 133 127 125 123 139 140 131 125 120 114 94 88 83 74 65 61 59 55 51 47 42 38 34 29 24 19 14 9 4 0 -6 -13 -18 -23 -29 -35 -41 -47 -52 -59 -65 -69 -76 -81 -87 -94 -99 -105 -111 -118 -122 -129 -135 -141 -147 -153 -158 -166 -174 -178 -173 -159 -164 -200 -212 -214 -219 -228 -232 -240 -246 -253
333 329 319 317 313 305 245 216 212 210 204 202 206 238 257 249 237 207 199 177 170 165 160 156 152 148 145 141 137 133 129 125 122 129 140 133 126 121 114 94 88 83 76 66 61 59 55 51 47 42 38 34 28 24 20 14 9 4 0 -6 -13 -18 -23 -30 -35 -42 -47 -52 -59 -64 -70 -77 -82 -87 -94 -99 -106 -112 -118 -124 -130 -136 -140 -148 -152 -159 -165 -174 -169 -153 -155 -186 -208 -211 -213 -220 -229 -232 -241 -244 -252
335 326 320 314 310 304 269 221 211 209 204 202 201 207 249 250 242 210 188 179 168 165 162 156 152 149 145 141 138 133 129 124 122 122 140 133 125 120 114 94 87 83 77 67 62 59 55 51 47 42 38 34 28 24 20 14 9 4 0 -6 -13 -18 -23 -30 -35 -41 -47 -52 -59 -64 -69 -76 -82 -89 -93 -100 -106 -111 -117 -124 -130 -135 -142 -147 -152 -160 -167 -171 -149 -148 -168 -200 -205 -209 -215 -221 -229 -234 -240 -243 -252
334 330 323 316 309 307 287 229 214 210 206 202 200 201 219 250 245 222 187 180 170 166 161 157 153 148 146 141 137 133 129 125 121 119 139 133 125 122 114 94 89 84 78 69 62 59 56 51 47 42 38 34 28 24 20 14 9 4 0 -5 -13 -18 -23 -29 -35 -42 -47 -53 -59 -65 -70 -77 -82 -89 -94 -100 -106 -112 -118 -124 -130 -135 -143 -148 -152 -160 -168 -153 -145 -152 -189 -198 -204 -208 -216 -221 -229 -233 -239 -249 -253
334 327 322 316 310 309 297 238 215 210 207 200 200 194 198 236 243 230 195 181 171 165 162 157 152 148 145 142 138 132 129 125 121 119 133 134 125 121 114 94 89 83 78 70 63 59 56 52 47 42 38 34 28 24 20 14 9 4 0 -5 -13 -18 -23 -30 -35 -42 -47 -52 -59 -64 -69 -77 -83 -89 -95 -99 -107 -111 -117 -125 -130 -136 -142 -148 -154 -163 -159 -141 -144 -175 -195 -200 -205 -209 -215 -224 -229 -232 -239 -246 -253
337 328 321 317 312 308 303 260 218 210 207 201 197 196 193 202 240 236 210 181 169 167 162 156 152 147 145 143 137 133 129 126 122 118 127 136 126 122 114 94 89 84 79 73 64 59 56 52 47 41 38 34 29 24 20 14 9 4 0 -5 -12 -18 -23 -30 -35 -42 -47 -53 -59 -64 -71 -77 -82 -88 -94 -100 -107 -112 -117 -125 -130 -136 -142 -149 -156 -161 -140 -138 -153 -186 -193 -198 -204 -210 -217 -224 -228 -235 -242 -249 -253
334 329 322 316 311 305 305 282 225 209 203 202 197 195 192 192 213 235 220 184 171 166 162 158 154 149 145 141 137 135 130 126 121 118 121 135 127 122 114 95 90 84 79 73 65 59 56 52 47 42 38 34 28 24 20 14 9 4 0 -5 -12 -18 -23 -30 -35 -42 -47 -52 -59 -65 -71 -77 -82 -89 -94 -100 -107 -112 -117 -125 -130 -135 -142 -149 -157 -144 -135 -139 -172 -189 -193 -198 -204 -210 -218 -225 -229 -233 -242 -245 -255
337 328 324 315 309 305 302 292 235 212 208 202 198 194 191 189 192 223 225 194 173 166 162 156 153 149 146 141 138 134 131 125 121 118 117 135 128 121 114 94 89 84 79 74 66 59 55 52 47 42 37 34 29 24 20 14 9 4 0 -5 -11 -18 -24 -30 -35 -42 -47 -53 -59 -64 -71 -77 -82 -90 -95 -100 -107 -113 -118 -125 -130 -136 -143 -151 -149 -132 -132 -146 -181 -189 -194 -199 -204 -210 -217 -224 -229 -235 -242 -248 -253
337 327 323 317 311 306 303 297 258 215 206 203 200 193 190 188 187 191 224 206 175 165 162 157 153 149 144 141 138 134 128 126 121 118 116 133 128 121 114 95 89 84 79 74 67 61 55 52 48 42 38 34 28 24 20 14 9 4 0 -5 -11 -18 -24 -30 -35 -42 -47 -53 -59 -64 -71 -77 -82 -90 -95 -100 -108 -113 -118 -124 -131 -137 -145 -150 -131 -128 -133 -165 -184 -186 -193 -197 -204 -211 -217 -224 -229 -238 -244 -249 -254
336 332 323 320 311 306 303 298 277 222 209 202 199 196 192 189 186 184 198 208 175 167 160 157 153 149 146 142 138 133 129 127 122 118 116 131 131 121 115 95 90 84 79 74 67 62 56 52 48 42 37 34 29 24 20 14 9 4 0 -5 -11 -17 -24 -30 -35 -42 -47 -52 -60 -65 -72 -77 -83 -89 -95 -101 -107 -112 -119 -125 -131 -138 -145 -135 -125 -128 -136 -174 -185 -187 -192 -200 -205 -213 -217 -223 -231 -236 -243 -248 -254
335 331 326 318 313 306 300 297 287 234 212 204 199 195 191 188 185 182 179 200 178 167 163 156 153 148 144 142 138 133 130 126 123 118 115 130 130 122 115 96 89 84 79 74 68 62 56 52 48 43 38 34 29 24 20 14 9 4 0 -5 -10 -16 -24 -30 -35 -42 -47 -52 -59 -65 -71 -77 -83 -90 -95 -101 -107 -113 -119 -126 -132 -140 -140 -123 -124 -129 -146 -178 -184 -185 -192 -199 -205 -211 -219 -223 -229 -237 -242 -249 -255
339 330 326 318 310 308 302 300 292 261 215 205 201 196 193 187 184 182 179 177 183 167 162 157 153 150 145 142 137 134 129 127 123 118 115 126 130 122 116 97 89 84 79 75 68 62 56 52 48 43 38 34 29 24 20 14 9 4 0 -5 -11 -15 -23 -30 -35 -42 -47 -53 -60 -65 -71 -77 -83 -89 -95 -102 -107 -113 -120 -125 -132 -139 -123 -119 -125 -129 -159 -180 -181 -185 -193 -198 -204 -211 -218 -224 -231 -235 -242 -247 -257
340 332 327 320 312 309 302 295 292 276 227 207 199 197 192 188 185 180 178 176 178 169 161 156 153 149 144 141 138 134 129 126 124 118 115 124 129 122 117 97 90 84 80 74 68 63 57 52 48 43 38 33 28 24 20 14 9 4 0 -5 -10 -15 -22 -31 -35 -41 -47 -53 -59 -65 -72 -77 -83 -89 -96 -102 -107 -112 -119 -125 -133 -130 -116 -119 -124 -137 -168 -180 -182 -186 -193 -198 -207 -214 -219 -228 -232 -234 -243 -249 -256
337 331 327 321 315 307 303 294 293 285 252 212 201 196 194 186 185 181 178 173 171 169 162 156 153 149 145 141 138 133 130 126 123 118 115 120 130 122 117 99 89 84 79 75 68 63 58 52 48 43 37 33 29 24 20 14 9 4 0 -5 -11 -15 -21 -31 -36 -42 -47 -52 -59 -65 -72 -77 -83 -90 -95 -102 -108 -112 -120 -128 -129 -116 -114 -118 -123 -147 -171 -178 -180 -189 -194 -198 -206 -212 -220 -226 -233 -238 -243 -247 -256
338 332 326 318 315 307 301 295 290 287 271 221 203 197 193 187 183 178 177 174 171 169 162 158 153 150 145 141 138 134 129 126 123 118 114 115 129 122 116 101 89 85 80 75 68 64 58 52 48 42 38 33 28 24 20 14 9 4 0 -5 -11 -15 -20 -30 -36 -42 -47 -53 -60 -65 -72 -78 -83 -90 -95 -102 -108 -113 -120 -127 -119 -112 -114 -119 -127 -157 -173 -176 -181 -188 -194 -199 -206 -212 -219 -226 -232 -238 -245 -249 -257
340 335 326 322 313 308 303 296 291 287 280 243 205 201 193 189 184 180 176 173 170 168 164 156 153 149 144 142 138 134 130 127 123 119 115 112 127 122 116 102 90 85 79 74 68 63 58 52 47 43 39 33 28 24 20 14 9 4 0 -5 -11 -15 -20 -30 -36 -42 -48 -53 -60 -65 -72 -78 -83 -90 -96 -103 -108 -113 -122 -124 -109 -110 -114 -120 -133 -163 -173 -175 -181 -189 -195 -201 -206 -213 -220 -227 -232 -237 -241 -252 -256
341 333 329 323 316 312 303 298 292 287 282 265 215 201 195 190 185 179 177 172 171 168 165 157 152 150 146 141 137 134 130 127 122 118 114 112 122 123 117 104 90 85 80 75 69 64 58 52 46 43 41 33 28 24 20 14 9 5 0 -5 -11 -15 -20 -29 -36 -42 -47 -54 -60 -65 -72 -78 -84 -89 -95 -102 -108 -114 -123 -112 -106 -110 -114 -120 -139 -165 -173 -177 -182 -189 -194 -200 -208 -214 -221 -226 -232 -238 -243 -250 -258
337 333 327 324 316 312 304 298 290 284 282 272 230 202 197 191 186 181 175 173 169 166 164 155 152 149 147 141 138 134 130 126 123 118 114 111 116 123 118 106 90 85 80 75 69 64 59 52 46 42 42 34 28 24 20 14 9 5 0 -5 -11 -15 -20 -27 -37 -43 -48 -54 -60 -66 -72 -77 -85 -90 -96 -103 -108 -115 -118 -104 -105 -110 -114 -123 -148 -166 -173 -176 -181 -190 -196 -201 -208 -215 -219 -226 -232 -238 -246 -252 -258
342 337 328 322 316 311 305 295 292 286 281 276 256 210 197 191 186 180 176 172 170 166 163 158 152 148 146 140 137 134 129 126 123 118 115 111 112 119 119 107 90 85 80 75 69 64 59 52 46 42 40 34 28 24 20 14 10 5 0 -5 -11 -15 -20 -26 -36 -43 -48 -54 -60 -65 -72 -78 -85 -90 -96 -104 -109 -116 -109 -101 -105 -110 -115 -130 -157 -166 -171 -175 -182 -189 -196 -201 -207 -214 -220 -226 -233 -239 -244 -251 -257
342 335 331 324 317 312 305 298 292 288 281 278 268 226 200 193 188 183 175 171 168 166 162 157 153 149 146 140 137 134 129 126 123 118 114 111 109 113 120 108 90 85 80 75 69 64 59 53 46 41 38 35 29 24 20 14 10 5 0 -5 -11 -15 -20 -26 -36 -43 -48 -55 -60 -66 -72 -78 -85 -90 -96 -103 -109 -114 -101 -100 -105 -110 -121 -143 -161 -165 -171 -176 -183 -188 -196 -201 -206 -216 -221 -229 -232 -240 -243 -253 -258
342 336 333 324 320 313 307 301 293 284 282 276 272 254 206 194 188 184 179 173 169 165 162 159 152 148 146 141 137 134 129 126 122 118 114 111 108 108 117 108 90 85 80 75 69 64 59 52 46 42 38 35 29 24 20 15 10 5 0 -5 -11 -15 -20 -26 -36 -43 -48 -55 -60 -67 -72 -78 -84 -91 -96 -103 -111 -106 -97 -100 -106 -110 -130 -154 -160 -164 -171 -176 -182 -189 -193 -201 -208 -215 -221 -228 -234 -239 -245 -253 -258
343 338 329 326 322 313 308 304 295 287 283 275 272 264 231 197 191 185 179 173 169 165 162 158 153 147 145 141 137 133 130 126 122 117 115 111 108 106 113 110 91 85 80 75 69 64 59 53 47 42 37 35 29 24 20 15 10 5 0 -5 -9 -15 -20 -26 -36 -43 -48 -55 -60 -67 -73 -78 -85 -90 -96 -105 -110 -97 -96 -100 -105 -119 -143 -155 -159 -165 -172 -176 -184 -190 -196 -202 -209 -214 -219 -226 -233 -239 -245 -253 -259
343 338 333 324 318 313 309 300 295 289 281 278 268 266 254 212 192 187 181 173 169 166 162 156 155 147 144 140 137 133 129 126 122 119 114 111 108 105 107 109 92 85 80 75 70 65 59 53 47 41 37 34 29 24 20 15 10 5 0 -5 -9 -15 -20 -26 -36 -43 -48 -55 -60 -67 -72 -78 -86 -91 -96 -105 -107 -95 -96 -100 -106 -133 -148 -153 -158 -164 -170 -177 -184 -191 -196 -202 -209 -217 -220 -228 -234 -239 -248 -253 -259
344 339 333 326 319 311 308 302 292 288 282 277 271 266 260 243 197 187 181 173 168 166 161 156 154 149 143 139 136 133 128 126 122 118 114 111 107 105 103 109 96 85 80 75 70 64 59 53 47 42 37 34 29 24 20 15 10 5 1 -5 -9 -15 -20 -26 -37 -43 -48 -55 -61 -67 -73 -78 -85 -91 -98 -106 -101 -93 -95 -100 -117 -142 -147 -154 -159 -164 -172 -178 -183 -190 -198 -203 -210 -216 -222 -228 -234 -241 -247 -253 -259
345 340 333 327 322 313 307 302 294 290 284 275 272 265 259 253 228 189 182 176 169 165 161 157 153 148 141 138 135 133 128 125 123 119 115 111 107 105 101 106 97 85 80 75 70 64 59 53 47 42 37 34 30 24 20 15 10 5 1 -5 -9 -15 -20 -25 -36 -44 -49 -56 -60 -68 -72 -80 -86 -91 -99 -105 -94 -92 -96 -101 -130 -143 -148 -153 -160 -165 -173 -178 -184 -191 -197 -203 -210 -217 -222 -228 -236 -242 -247 -253 -259
345 340 332 325 321 314 310 304 294 290 285 280 270 268 260 255 245 205 182 176 169 166 163 159 152 151 145 138 135 132 128 125 121 118 114 111 107 105 101 100 98 85 80 76 71 65 59 53 48 42 37 34 30 24 19 15 10 5 1 -5 -9 -15 -20 -25 -34 -43 -50 -55 -61 -67 -73 -81 -86 -91 -99 -103 -89 -91 -96 -109 -135 -143 -147 -153 -159 -167 -173 -177 -185 -191 -197 -203 -211 -216 -223 -230 -235 -242 -248 -255 -262
347 340 335 327 321 314 311 305 298 291 284 278 272 268 259 254 250 236 190 177 172 167 162 156 154 149 146 137 135 132 128 124 122 118 114 110 106 104 102 96 96 84 80 75 70 65 59 54 48 42 36 34 30 24 19 15 9 5 1 -5 -9 -15 -20 -25 -32 -43 -50 -55 -60 -68 -73 -80 -85 -92 -100 -97 -87 -92 -97 -121 -137 -143 -147 -154 -160 -166 -171 -178 -184 -190 -198 -204 -210 -217 -223 -229 -235 -241 -248 -256 -260
347 339 333 328 323 316 310 305 300 292 288 279 274 266 260 254 250 243 224 180 172 166 161 158 153 149 146 140 133 130 128 124 121 118 114 110 106 103 102 95 96 84 80 75 71 65 60 54 48 42 37 33 30 24 19 15 9 5 1 -5 -9 -15 -20 -26 -31 -41 -50 -55 -60 -67 -73 -80 -86 -92 -100 -89 -86 -92 -102 -128 -138 -142 -147 -154 -159 -166 -173 -179 -185 -191 -198 -204 -211 -217 -225 -229 -235 -242 -247 -253 -259
347 340 336 327 323 315 310 307 299 293 288 279 273 268 259 257 250 246 236 208 174 168 163 157 153 149 148 142 134 131 127 124 120 118 114 111 106 103 101 96 93 86 79 76 71 65 60 54 48 42 36 34 30 24 19 15 9 5 1 -5 -9 -15 -20 -26 -30 -39 -49 -55 -61 -68 -73 -79 -86 -93 -96 -85 -86 -92 -112 -130 -137 -141 -147 -154 -160 -165 -173 -179 -185 -193 -198 -206 -213 -218 -222 -230 -236 -242 -248 -257 -262
348 340 335 328 320 317 312 307 301 294 288 281 274 269 262 255 249 242 240 228 189 168 163 159 154 149 146 142 136 129 126 123 119 117 114 110 105 103 100 96 91 89 79 75 71 65 60 54 48 42 37 33 30 24 19 14 9 5 1 -5 -9 -15 -20 -26 -30 -37 -49 -56 -61 -69 -74 -79 -86 -93 -94 -83 -86 -94 -121 -131 -137 -141 -147 -154 -160 -166 -173 -179 -185 -193 -199 -204 -212 -219 -224 -230 -237 -244 -248 -256 -262
350 342 335 330 323 316 311 304 301 292 286 281 272 269 263 258 247 244 240 234 217 172 164 158 155 150 146 142 137 131 125 121 119 117 113 109 105 102 99 96 90 89 78 75 71 65 60 54 49 43 37 33 30 24 18 13 9 5 0 -5 -9 -15 -20 -25 -31 -36 -48 -56 -61 -68 -73 -78 -86 -93 -89 -83 -87 -103 -124 -131 -137 -143 -148 -155 -161 -167 -173 -179 -186 -192 -199 -204 -211 -218 -224 -231 -237 -242 -249 -256 -262
349 341 333 329 324 318 312 306 301 294 287 281 276 272 264 258 250 245 239 234 225 199 166 160 153 149 147 142 138 133 125 121 118 115 112 109 105 101 99 95 91 88 78 75 70 65 60 54 49 43 37 33 30 23 17 13 8 5 0 -5 -9 -15 -20 -26 -31 -36 -48 -56 -60 -68 -73 -80 -87 -92 -83 -82 -87 -112 -125 -129 -136 -142 -148 -153 -160 -167 -175 -180 -185 -192 -198 -206 -212 -218 -223 -232 -238 -244 -249 -258 -261
350 342 336 329 323 318 312 306 301 293 288 281 276 270 262 257 252 246 241 231 227 217 180 160 154 150 145 140 138 134 128 120 117 113 111 108 105 102 99 95 91 86 80 75 69 65 60 54 49 43 37 33 29 22 17 13 8 5 0 -5 -10 -15 -20 -26 -31 -36 -48 -56 -61 -68 -73 -79 -87 -90 -79 -82 -94 -116 -125 -129 -137 -143 -148 -155 -161 -166 -175 -179 -184 -193 -199 -206 -212 -219 -225 -231 -235 -242 -250 -257 -263
350 343 337 330 328 319 312 308 303 294 287 283 275 271 262 257 251 245 238 232 226 222 204 162 154 150 146 141 137 134 129 125 117 113 111 108 104 101 98 94 91 86 82 75 70 65 60 54 49 43 36 33 28 21 17 12 8 4 0 -5 -11 -15 -20 -26 -30 -36 -48 -56 -61 -66 -73 -80 -87 -83 -77 -82 -103 -118 -124 -130 -137 -142 -148 -157 -161 -167 -175 -180 -186 -194 -200 -205 -212 -218 -226 -231 -238 -244 -250 -257 -262
351 344 338 332 326 319 312 306 301 293 289 282 276 269 262 257 253 247 240 234 227 222 213 180 154 152 146 141 138 133 130 127 120 112 110 107 104 101 97 94 91 86 82 74 70 65 60 54 49 43 37 33 27 22 17 12 8 4 0 -5 -10 -15 -19 -26 -31 -36 -48 -56 -61 -66 -73 -80 -83 -75 -76 -85 -109 -118 -125 -130 -136 -143 -148 -156 -162 -168 -175 -180 -186 -194 -199 -206 -212 -220 -225 -231 -240 -243 -251 -256 -263
349 345 336 332 326 320 313 310 303 295 288 282 278 274 266 260 254 246 239 233 229 223 217 194 157 151 146 140 137 136 130 127 125 115 109 106 103 100 97 93 90 86 80 73 69 65 60 54 49 43 37 33 26 22 17 12 8 4 0 -5 -10 -15 -20 -26 -30 -36 -48 -56 -61 -66 -74 -79 -75 -73 -77 -92 -112 -118 -125 -130 -137 -143 -149 -157 -162 -169 -176 -181 -187 -195 -200 -207 -213 -219 -225 -232 -240 -244 -250 -258 -263
351 345 340 331 325 320 313 310 302 296 289 284 278 272 265 260 252 248 242 235 227 223 217 204 167 151 146 141 136 134 129 126 125 121 111 104 101 100 97 92 90 86 80 73 69 65 60 54 49 43 37 33 26 22 17 12 8 4 0 -5 -10 -15 -20 -25 -30 -36 -48 -56 -61 -67 -75 -77 -70 -72 -77 -100 -113 -118 -124 -130 -137 -143 -150 -156 -162 -167 -175 -181 -187 -194 -202 -206 -214 -219 -227 -231 -239 -244 -252 -257 -263
351 343 337 332 327 320 316 309 302 296 291 285 278 273 265 260 254 248 243 234 229 223 218 209 185 152 147 142 137 133 129 126 124 122 117 107 101 98 97 92 89 86 80 74 69 65 60 54 49 43 37 32 26 22 17 12 8 3 0 -5 -10 -15 -21 -26 -30 -36 -47 -56 -61 -67 -75 -73 -69 -72 -81 -105 -113 -118 -125 -131 -138 -143 -149 -157 -161 -168 -174 -181 -187 -193 -199 -206 -214 -219 -225 -231 -238 -245 -249 -257 -264
351 346 341 333 325 322 316 311 305 297 291 283 278 273 266 261 253 247 242 233 228 224 217 212 198 158 148 142 137 134 129 126 122 121 118 113 103 97 96 92 88 84 81 74 69 65 60 54 49 44 37 33 26 22 18 12 8 3 0 -5 -10 -15 -21 -26 -30 -36 -47 -56 -62 -67 -74 -69 -67 -72 -88 -107 -113 -118 -125 -130 -139 -144 -149 -156 -161 -168 -176 -180 -188 -194 -201 -207 -214 -219 -226 -233 -240 -245 -252 -260 -264
351 345 339 333 327 320 313 309 301 295 291 285 280 269 265 259 254 248 240 237 229 223 217 212 201 173 147 142 138 134 128 125 122 119 118 114 107 99 94 92 88 84 80 75 68 65 60 54 50 44 37 33 26 22 18 12 8 3 0 -5 -10 -15 -21 -26 -30 -36 -48 -56 -62 -68 -72 -65 -67 -73 -94 -107 -112 -117 -125 -131 -138 -143 -149 -156 -163 -168 -175 -182 -187 -194 -200 -208 -215 -220 -226 -233 -239 -245 -251 -259 -264
353 345 340 332 327 320 317 309 303 295 290 285 281 270 267 260 253 247 242 234 230 223 219 212 205 190 153 143 138 134 129 125 122 119 117 114 109 102 91 90 88 84 80 76 68 65 60 55 50 44 37 33 27 22 18 12 8 3 0 -5 -10 -15 -21 -26 -30 -36 -48 -55 -61 -68 -69 -63 -66 -76 -98 -107 -112 -118 -125 -131 -138 -144 -149 -157 -163 -170 -176 -182 -188 -194 -200 -207 -213 -220 -227 -231 -238 -246 -252 -257 -265
352 347 341 335 328 322 316 310 303 298 293 286 281 273 267 262 254 249 240 236 229 223 216 211 206 196 170 143 139 133 129 125 121 117 116 114 109 103 93 87 87 83 79 76 68 65 60 54 50 44 37 33 27 22 18 13 8 3 0 -5 -10 -15 -21 -26 -30 -36 -48 -56 -62 -67 -64 -63 -67 -83 -99 -107 -113 -117 -125 -131 -138 -143 -150 -157 -164 -169 -176 -183 -187 -196 -201 -207 -214 -221 -227 -232 -240 -246 -252 -257 -266
354 346 343 334 328 323 317 309 304 299 290 285 280 272 267 260 255 250 241 237 230 223 217 211 205 201 186 150 138 134 129 125 121 117 114 112 109 104 95 87 84 83 79 76 69 65 60 54 50 44 37 33 28 22 18 13 9 4 0 -5 -10 -14 -21 -26 -30 -36 -49 -56 -62 -66 -60 -62 -68 -88 -100 -107 -112 -117 -124 -130 -136 -144 -150 -157 -162 -169 -176 -182 -188 -195 -201 -208 -212 -220 -227 -234 -240 -246 -252 -257 -266
353 349 340 336 329 323 318 313 306 298 291 287 280 273 267 262 257 248 240 236 232 226 217 211 205 200 192 170 138 135 130 126 122 118 113 110 109 105 97 88 83 80 78 76 69 64 61 54 50 45 37 33 28 22 18 13 9 4 0 -5 -10 -14 -21 -25 -30 -37 -49 -57 -62 -62 -59 -62 -71 -92 -100 -107 -113 -117 -125 -131 -137 -144 -150 -157 -163 -169 -176 -182 -188 -195 -202 -207 -214 -221 -227 -232 -241 -247 -252 -258 -267
352 347 342 333 329 321 318 309 304 301 293 286 279 273 267 262 254 248 242 237 231 224 217 211 206 199 194 181 149 134 130 125 122 116 112 109 108 104 98 89 83 77 76 75 70 64 60 54 50 45 38 33 28 22 18 13 9 4 0 -5 -10 -14 -20 -25 -30 -39 -50 -57 -62 -58 -58 -62 -77 -94 -100 -106 -112 -118 -125 -131 -137 -145 -149 -158 -163 -169 -176 -183 -188 -194 -201 -206 -213 -221 -227 -232 -241 -246 -253 -260 -266
354 347 342 335 330 322 317 310 306 299 294 286 279 275 266 262 257 249 245 237 232 223 218 211 206 200 192 187 171 136 129 125 120 117 113 108 107 104 99 91 83 78 75 74 70 63 60 54 50 43 37 33 28 23 18 13 9 4 0 -5 -10 -14 -20 -26 -30 -39 -49 -57 -60 -55 -58 -63 -81 -95 -99 -107 -113 -118 -126 -132 -137 -144 -151 -156 -164 -168 -176 -182 -189 -194 -202 -208 -215 -221 -227 -234 -238 -245 -253 -258 -265
355 346 343 339 328 322 316 311 307 297 292 287 280 273 268 262 257 250 243 238 232 225 219 211 206 199 194 187 179 156 131 126 121 117 113 108 105 104 99 93 84 78 75 72 69 64 59 54 50 44 38 33 28 23 18 13 9 4 0 -5 -10 -14 -20 -25 -30 -41 -49 -56 -57 -53 -57 -65 -85 -94 -100 -107 -113 -119 -125 -132 -137 -145 -150 -156 -164 -170 -175 -183 -189 -194 -202 -208 -213 -222 -226 -232 -239 -247 -252 -259 -266
353 349 341 337 331 325 315 312 305 300 293 288 281 274 269 262 254 250 243 238 233 224 219 212 208 199 194 187 182 169 134 126 119 116 112 108 104 102 99 94 85 78 74 71 68 65 57 54 50 44 38 33 28 23 18 13 9 4 0 -5 -10 -14 -20 -25 -30 -41 -50 -56 -53 -53 -57 -68 -86 -95 -100 -107 -113 -118 -126 -131 -137 -145 -150 -156 -164 -170 -175 -183 -190 -196 -202 -208 -214 -222 -228 -233 -239 -246 -252 -257 -265
355 349 343 338 329 326 319 312 306 299 294 287 281 275 268 263 256 251 245 239 233 224 218 212 208 200 193 189 182 174 153 126 121 116 113 108 105 101 98 94 87 78 74 69 67 64 57 54 50 43 38 33 28 24 18 13 9 4 0 -5 -10 -14 -19 -25 -30 -42 -50 -55 -50 -52 -58 -74 -88 -94 -99 -107 -113 -119 -126 -132 -138 -146 -151 -156 -164 -170 -175 -183 -190 -195 -203 -207 -213 -222 -227 -234 -239 -246 -253 -260 -267
354 348 343 334 331 324 317 310 308 300 296 286 282 275 269 264 255 249 245 239 231 225 220 214 208 199 194 189 181 176 165 132 120 116 112 108 105 100 97 94 87 78 74 70 66 63 57 54 50 44 38 33 28 24 18 13 9 4 0 -5 -10 -14 -19 -25 -30 -42 -50 -53 -49 -52 -60 -78 -88 -94 -100 -107 -113 -118 -126 -132 -138 -145 -150 -156 -164 -172 -175 -183 -188 -196 -203 -208 -214 -222 -227 -235 -239 -248 -253 -260 -265
354 347 344 340 331 323 317 313 309 301 293 289 282 276 270 264 258 251 244 239 232 225 219 213 207 200 195 188 182 176 170 153 121 116 113 108 103 100 96 93 88 79 74 70 65 62 57 53 50 44 38 34 29 24 18 13 9 4 0 -5 -10 -14 -19 -25 -31 -43 -50 -48 -49 -52 -63 -80 -87 -95 -101 -106 -113 -119 -126 -132 -138 -146 -152 -157 -164 -170 -177 -182 -189 -195 -202 -210 -215 -222 -228 -234 -240 -246 -254 -261 -266
357 350 345 339 330 324 318 313 307 301 295 288 280 274 271 262 257 249 248 240 231 225 220 215 207 200 195 188 184 176 171 160 131 117 111 108 104 98 95 93 88 81 73 69 65 61 55 52 50 44 38 34 29 24 19 13 9 4 0 -5 -10 -14 -19 -24 -32 -43 -48 -46 -48 -53 -68 -81 -87 -94 -101 -106 -113 -119 -126 -133 -138 -146 -150 -157 -165 -171 -176 -183 -190 -195 -202 -209 -214 -220 -227 -233 -240 -247 -255 -259 -265
357 350 344 338 332 325 319 313 307 302 294 288 282 275 271 263 256 252 246 241 233 227 220 214 208 202 196 189 182 175 170 163 147 118 112 108 104 98 95 91 88 81 74 69 66 61 55 51 49 44 38 34 29 24 19 13 9 4 0 -5 -10 -14 -19 -24 -33 -44 -46 -44 -48 -54 -72 -81 -87 -94 -100 -107 -113 -119 -125 -133 -139 -146 -152 -158 -165 -170 -177 -184 -190 -196 -201 -208 -215 -220 -227 -234 -240 -247 -254 -260 -266
355 350 343 337 332 324 319 313 310 301 295 289 284 277 269 262 257 251 247 239 232 226 220 216 208 203 195 190 182 176 170 163 155 129 112 108 104 98 95 91 87 83 73 68 66 61 55 50 49 43 38 34 28 24 18 13 9 4 0 -5 -10 -14 -19 -24 -34 -43 -43 -43 -48 -56 -74 -82 -87 -95 -101 -107 -113 -119 -125 -133 -138 -145 -151 -157 -163 -171 -176 -183 -190 -197 -203 -209 -215 -222 -226 -235 -241 -246 -254 -260 -268
358 347 345 338 331 326 318 313 306 300 294 289 283 277 269 262 258 253 247 240 230 227 222 213 208 204 197 190 184 177 171 163 157 143 112 107 103 98 94 90 86 83 75 68 64 60 55 51 48 43 38 34 28 24 18 13 9 4 0 -5 -10 -14 -19 -24 -35 -42 -40 -43 -48 -61 -75 -82 -87 -94 -100 -106 -114 -119 -125 -133 -139 -144 -151 -158 -163 -171 -176 -182 -191 -196 -202 -208 -214 -222 -227 -234 -240 -246 -254 -261 -266
352 348 343 336 331 326 318 314 304 301 295 288 282 276 271 264 259 252 244 239 233 227 223 214 208 202 196 189 184 178 171 164 158 149 126 107 103 98 94 90 85 82 76 67 63 59 54 50 47 42 37 32 28 23 18 13 9 4 0 -5 -10 -14 -19 -24 -33 -39 -39 -43 -49 -64 -76 -82 -88 -94 -101 -106 -114 -119 -125 -132 -138 -145 -152 -159 -164 -172 -177 -183 -191 -196 -203 -211 -216 -222 -228 -233 -241 -247 -253 -262 -265
355 352 343 337 331 326 320 311 305 301 293 288 283 274 271 263 259 253 245 238 233 227 222 214 209 203 197 190 185 177 170 164 159 152 140 109 103 98 94 90 86 82 77 68 64 60 54 50 45 40 36 31 27 23 18 13 9 4 0 -5 -10 -14 -19 -23 -31 -36 -39 -43 -51 -65 -74 -81 -88 -94 -101 -106 -114 -119 -126 -133 -138 -144 -152 -158 -165 -171 -176 -183 -190 -197 -202 -208 -217 -222 -228 -234 -241 -247 -252 -261 -267
355 349 344 339 332 326 320 314 306 299 293 288 282 275 269 265 258 253 245 241 232 228 222 214 209 203 197 190 184 178 170 164 159 151 144 127 102 98 94 89 85 81 76 69 64 60 55 51 45 40 36 31 27 23 18 13 9 4 0 -5 -10 -14 -19 -23 -29 -34 -39 -42 -53 -68 -75 -81 -87 -95 -101 -106 -114 -119 -125 -133 -140 -144 -152 -156 -164 -170 -176 -183 -190 -198 -202 -207 -216 -221 -228 -234 -241 -248 -252 -261 -266
356 350 347 339 330 326 320 312 307 301 294 289 281 277 270 266 259 251 246 240 235 228 220 214 209 203 196 191 184 178 172 164 160 152 145 135 108 98 94 89 85 81 76 70 63 59 55 51 46 41 36 31 27 23 18 13 9 4 0 -5 -10 -14 -19 -23 -28 -35 -39 -43 -57 -68 -74 -82 -87 -93 -101 -107 -114 -120 -125 -132 -139 -145 -152 -158 -164 -172 -177 -184 -189 -197 -201 -209 -215 -222 -228 -232 -239 -248 -252 -260 -265
356 349 345 339 332 326 320 313 307 302 295 288 282 277 270 264 260 251 246 239 234 227 221 215 210 203 196 190 184 176 171 166 159 151 146 139 121 98 94 89 84 80 76 71 63 59 55 51 46 42 37 31 27 23 18 13 9 4 0 -5 -10 -14 -19 -23 -28 -34 -38 -44 -58 -69 -74 -81 -88 -93 -101 -107 -112 -120 -125 -134 -139 -145 -152 -156 -164 -170 -176 -183 -188 -196 -202 -209 -214 -221 -226 -234 -240 -246 -252 -260 -264
355 350 344 340 331 325 319 314 308 302 296 289 285 278 271 265 258 253 244 240 234 226 221 215 209 202 196 192 185 176 171 165 161 152 146 140 128 104 94 88 85 80 75 71 63 59 55 51 46 41 37 32 27 23 18 13 9 4 0 -5 -10 -14 -19 -23 -28 -35 -38 -43 -53 -63 -73 -82 -88 -94 -101 -107 -113 -119 -125 -131 -138 -143 -149 -157 -163 -169 -176 -182 -188 -194 -200 -206 -211 -219 -225 -232 -240 -243 -249 -256 -261
355 349 343 337 331 325 320 314 308 302 293 286 282 276 271 266 258 251 245 239 235 227 222 216 210 203 196 191 184 177 170 165 158 152 146 140 132 116 93 88 84 80 75 70 64 58 55 51 46 41 37 32 27 23 18 13 9 4 0 -5 -10 -14 -19 -24 -28 -34 -37 -43 -49 -56 -63 -74 -83 -90 -98 -103 -109 -116 -122 -130 -135 -141 -147 -154 -161 -165 -174 -178 -184 -189 -196 -205 -211 -216 -219 -227 -235 -242 -247 -253 -257
356 354 342 337 330 327 319 314 307 299 295 288 283 278 270 263 256 251 245 239 231 227 221 215 209 202 196 189 184 177 171 166 158 151 145 135 123 107 91 87 84 80 75 70 65 58 54 51 46 41 37 32 28 23 18 13 9 4 0 -5 -10 -14 -19 -24 -28 -34 -37 -43 -49 -54 -60 -67 -77 -90 -99 -105 -111 -117 -124 -131 -138 -142 -149 -157 -161 -167 -176 -181 -187 -193 -199 -205 -213 -221 -225 -230 -236 -244 -249 -255 -262
353 345 340 333 330 322 316 310 306 297 292 285 280 273 267 260 254 248 242 238 229 223 218 211 204 198 193 185 177 172 167 160 154 148 141 125 109 100 93 86 84 80 75 70 64 57 54 51 45 41 36 32 27 23 18 13 9 4 0 -5 -10 -14 -19 -23 -28 -33 -37 -43 -48 -53 -59 -65 -74 -88 -100 -106 -111 -120 -125 -130 -137 -144 -149 -156 -162 -168 -175 -181 -188 -193 -199 -206 -212 -219 -224 -230 -236 -243 -250 -255 -260
346 338 333 330 325 313 310 305 299 292 290 281 278 273 263 260 251 249 243 235 231 225 218 214 205 200 196 190 182 176 171 164 156 150 142 120 106 99 92 86 83 79 75 70 65 58 53 50 46 41 36 31 27 23 18 13 9 4 0 -5 -10 -14 -19 -24 -28 -33 -37 -42 -48 -53 -58 -64 -71 -84 -98 -106 -111 -118 -124 -130 -136 -143 -149 -157 -162 -167 -172 -179 -185 -191 -198 -205 -212 -218 -225 -230 -235 -243 -249 -254 -261
349 341 338 331 327 322 314 306 302 295 292 284 280 273 266 260 254 249 242 236 231 225 219 213 206 201 194 189 181 175 170 162 155 150 140 115 105 99 91 86 79 78 75 71 65 58 52 49 45 41 36 31 27 23 17 13 9 4 0 -5 -10 -14 -19 -24 -28 -33 -37 -43 -48 -52 -57 -63 -71 -83 -99 -105 -111 -117 -124 -130 -138 -142 -148 -154 -162 -166 -173 -181 -186 -191 -199 -203 -210 -217 -224 -231 -234 -241 -247 -254 -259
346 341 335 329 326 320 312 307 301 295 290 285 279 272 264 258 253 248 242 236 229 223 218 210 206 200 194 187 182 175 169 161 155 150 138 114 103 96 90 86 81 77 75 70 65 58 52 48 45 41 36 31 27 23 17 13 9 4 0 -5 -10 -14 -19 -23 -28 -33 -37 -42 -48 -52 -57 -63 -71 -85 -99 -105 -110 -118 -123 -130 -134 -143 -146 -153 -160 -167 -172 -179 -186 -191 -197 -203 -209 -215 -224 -229 -234 -240 -246 -254 -259
347 341 335 331 326 319 312 306 302 295 289 284 276 270 263 260 252 247 239 235 229 222 218 210 205 199 193 186 180 175 167 161 156 150 139 115 102 96 90 85 81 74 74 70 65 59 52 47 45 41 35 31 27 22 17 13 9 4 0 -5 -10 -14 -19 -23 -27 -32 -37 -42 -47 -52 -56 -63 -71 -88 -99 -104 -111 -115 -123 -128 -136 -142 -148 -153 -160 -165 -171 -179 -184 -190 -195 -204 -210 -215 -220 -228 -233 -239 -245 -252 -256
347 341 334 328 322 317 310 305 298 293 288 280 274 271 263 258 252 245 238 235 227 223 215 208 202 199 193 185 179 173 167 161 155 150 141 122 103 95 90 84 80 75 72 70 64 60 53 47 44 41 35 31 27 21 17 13 9 4 0 -5 -10 -14 -19 -23 -27 -32 -37 -42 -47 -51 -56 -63 -77 -90 -96 -103 -109 -115 -123 -129 -133 -142 -147 -153 -159 -166 -171 -175 -183 -190 -194 -202 -209 -214 -218 -225 -233 -239 -243 -249 -257
344 338 334 327 320 315 311 304 299 291 287 280 274 267 264 258 251 244 238 234 228 222 214 209 204 197 190 184 179 172 166 160 155 149 141 130 107 93 88 83 79 75 70 69 65 60 53 47 44 41 36 31 27 21 17 13 8 4 0 -5 -10 -14 -19 -23 -27 -32 -37 -41 -46 -50 -55 -67 -84 -90 -96 -104 -109 -115 -122 -127 -133 -141 -145 -151 -157 -164 -169 -177 -184 -187 -194 -199 -208 -212 -218 -225 -232 -237 -242 -247 -254
343 338 330 326 319 311 309 303 298 292 284 278 273 266 261 257 249 242 239 234 224 219 212 207 204 196 191 183 177 172 166 161 154 147 139 136 121 98 87 81 76 72 68 66 64 60 53 47 43 40 35 31 27 21 17 13 8 4 0 -6 -10 -14 -19 -23 -27 -31 -35 -39 -45 -49 -57 -70 -85 -90 -95 -102 -108 -113 -120 -127 -132 -139 -145 -151 -156 -164 -169 -175 -182 -187 -194 -199 -206 -212 -216 -224 -230 -234 -240 -247 -255
342 335 328 323 318 314 307 301 295 287 282 277 271 267 261 253 249 243 237 229 226 219 213 206 200 195 189 184 176 170 165 158 153 144 139 134 124 106 91 82 75 71 67 62 58 55 50 46 41 38 34 30 26 20 17 12 7 3 0 -5 -9 -13 -18 -22 -26 -30 -35 -39 -44 -51 -58 -72 -84 -90 -95 -102 -108 -113 -119 -126 -131 -137 -144 -149 -155 -162 -167 -175 -179 -186 -192 -199 -203 -210 -216 -220 -230 -235 -239 -245 -251
338 335 328 321 317 310 305 299 293 288 282 275 272 266 258 251 245 241 235 229 223 217 212 205 198 194 187 183 177 169 163 160 152 145 138 132 124 108 92 84 77 72 66 61 58 53 49 44 40 37 32 28 24 20 16 12 7 3 0 -5 -9 -13 -18 -22 -26 -30 -35 -40 -45 -51 -60 -72 -83 -89 -94 -101 -105 -114 -118 -125 -130 -136 -144 -148 -153 -160 -166 -172 -178 -185 -191 -196 -204 -208 -216 -218 -227 -231 -237 -245 -251
336 333 324 317 316 310 303 298 289 285 282 272 268 263 255 250 247 238 235 227 220 215 211 204 198 191 187 180 175 168 163 157 151 143 137 131 125 111 94 85 77 73 67 61 58 53 49 45 40 37 31 28 24 19 16 12 7 3 0 -5 -9 -13 -18 -22 -26 -30 -35 -40 -45 -52 -60 -73 -83 -88 -94 -101 -106 -111 -117 -123 -130 -136 -143 -148 -154 -158 -165 -172 -177 -185 -190 -195 -200 -206 -213 -216 -222 -229 -236 -241 -247
336 332 326 319 313 309 299 294 290 285 281 272 266 259 253 250 244 238 233 225 219 214 209 204 198 191 185 179 172 167 161 156 147 142 136 132 124 111 96 85 78 72 67 62 58 53 48 44 41 36 32 28 24 19 16 12 7 3 0 -5 -9 -13 -17 -22 -26 -30 -35 -40 -44 -52 -60 -73 -82 -88 -93 -100 -105 -111 -116 -123 -128 -134 -141 -147 -152 -158 -164 -171 -176 -183 -188 -193 -199 -206 -209 -216 -221 -228 -234 -242 -245
334 327 322 316 312 302 300 294 288 281 275 270 263 258 254 247 242 236 229 224 218 212 206 200 196 190 184 180 172 166 161 154 147 141 135 130 123 114 95 84 77 73 68 62 57 54 48 45 40 36 32 28 24 19 16 12 7 3 0 -5 -9 -13 -17 -22 -26 -30 -35 -40 -45 -52 -60 -73 -82 -87 -93 -98 -104 -110 -115 -123 -127 -134 -140 -145 -150 -158 -164 -170 -175 -181 -187 -192 -198 -205 -208 -214 -221 -228 -232 -239 -244
331 328 320 315 307 304 295 288 284 279 276 268 261 257 251 248 241 232 228 220 216 212 206 199 192 188 183 176 170 164 158 152 146 141 135 127 124 113 97 85 78 72 67 63 58 54 48 45 40 36 32 28 24 20 16 12 7 3 0 -5 -9 -13 -17 -22 -26 -30 -35 -39 -45 -51 -61 -73 -81 -86 -92 -97 -105 -109 -115 -121 -127 -133 -138 -144 -151 -155 -163 -168 -173 -178 -185 -190 -195 -202 -209 -213 -220 -224 -230 -236 -241
329 324 318 312 306 300 295 290 286 277 271 266 259 255 250 245 238 230 227 220 215 208 203 198 192 186 180 174 169 162 156 149 145 139 133 126 122 114 99 86 78 73 67 62 58 54 49 45 41 36 32 28 23 20 16 12 7 3 0 -5 -9 -13 -17 -22 -26 -30 -35 -40 -45 -52 -61 -73 -81 -86 -91 -96 -103 -108 -114 -121 -127 -131 -136 -144 -149 -155 -160 -165 -172 -177 -184 -190 -195 -199 -206 -213 -218 -223 -230 -236 -242
327 320 314 310 306 296 289 286 283 276 270 261 259 252 249 240 236 229 222 218 213 209 202 196 190 188 178 172 168 162 156 148 143 138 131 126 122 113 99 86 79 73 67 63 58 53 49 45 41 36 32 28 23 20 16 12 7 3 0 -5 -9 -13 -17 -22 -26 -30 -35 -40 -45 -52 -61 -73 -79 -85 -91 -95 -103 -109 -113 -119 -125 -131 -136 -144 -148 -152 -160 -166 -170 -177 -183 -189 -194 -198 -205 -210 -216 -221 -227 -234 -240
323 317 312 306 301 296 288 284 278 272 267 262 257 250 246 239 234 227 222 216 211 205 200 195 189 183 177 171 166 161 154 148 143 137 130 125 119 115 99 87 78 73 67 62 57 53 49 45 41 36 32 28 24 19 16 12 7 3 0 -5 -9 -13 -17 -22 -26 -30 -35 -40 -45 -52 -61 -74 -79 -84 -90 -96 -102 -107 -113 -117 -124 -129 -135 -142 -147 -153 -158 -165 -170 -175 -180 -186 -192 -198 -201 -208 -214 -220 -226 -232 -237
319 315 308 303 298 296 285 282 275 271 262 261 256 250 243 237 230 228 218 216 209 203 199 192 188 182 175 170 164 159 152 147 140 135 128 124 118 114 99 87 80 72 67 62 58 52 49 45 40 36 32 28 23 20 16 12 7 3 0 -5 -9 -13 -17 -22 -26 -30 -35 -40 -45 -52 -62 -72 -77 -84 -89 -95 -101 -107 -112 -117 -124 -129 -134 -140 -145 -150 -157 -162 -169 -173 -179 -185 -191 -195 -199 -208 -212 -218 -223 -231 -235
318 312 307 301 297 291 285 279 273 268 263 259 253 245 240 235 229 225 219 211 209 202 197 191 187 179 175 168 164 157 150 146 140 134 127 122 116 112 100 87 79 71 67 62 58 53 49 45 39 36 32 28 24 20 16 12 7 3 0 -5 -9 -13 -17 -22 -26 -30 -35 -40 -45 -52 -62 -72 -77 -83 -88 -94 -99 -106 -111 -117 -122 -128 -133 -138 -145 -150 -156 -160 -167 -173 -178 -183 -188 -192 -198 -204 -210 -216 -222 -226 -232
315 310 304 302 293 289 282 276 270 265 260 257 247 246 238 232 228 224 215 211 206 201 196 190 184 177 172 167 160 155 149 143 138 131 127 121 117 111 101 88 79 73 67 62 58 53 49 45 40 36 32 28 24 20 16 11 7 3 0 -5 -9 -13 -18 -22 -26 -30 -35 -40 -45 -53 -63 -72 -76 -83 -88 -93 -97 -105 -110 -115 -122 -127 -132 -137 -144 -149 -155 -159 -165 -171 -176 -181 -188 -191 -196 -204 -210 -214 -219 -225 -231
311 307 303 294 292 285 279 274 268 265 260 254 248 243 235 234 225 221 213 209 205 196 192 187 181 177 171 166 161 155 148 143 137 129 125 120 115 110 101 88 79 73 67 62 57 54 49 45 40 36 32 28 23 19 16 11 7 3 0 -5 -9 -13 -18 -22 -26 -30 -35 -40 -46 -53 -63 -71 -76 -83 -87 -93 -98 -103 -110 -114 -120 -126 -131 -136 -143 -148 -152 -159 -164 -169 -173 -179 -184 -191 -196 -199 -207 -213 -218 -222 -230
310 302 299 294 288 283 277 272 266 261 257 250 244 240 233 230 223 218 213 208 203 196 192 184 181 174 170 164 156 152 147 141 137 129 125 119 115 110 103 89 79 72 67 63 57 53 49 45 40 36 32 28 23 20 16 11 7 3 0 -5 -9 -13 -18 -22 -26 -30 -35 -40 -45 -52 -63 -71 -75 -82 -87 -91 -96 -103 -108 -113 -118 -125 -129 -136 -140 -146 -152 -156 -163 -168 -173 -179 -183 -189 -194 -200 -204 -210 -215 -221 -226
306 303 296 290 285 281 275 270 264 259 253 248 242 238 231 228 223 215 211 207 201 195 189 183 178 173 167 163 156 152 147 139 134 129 123 118 112 108 103 90 78 73 68 62 58 53 49 45 40 36 32 28 24 20 16 11 7 3 0 -5 -9 -13 -18 -22 -26 -30 -36 -40 -45 -52 -62 -70 -75 -80 -85 -91 -97 -102 -107 -112 -117 -124 -130 -134 -138 -146 -150 -155 -160 -166 -171 -177 -182 -188 -193 -198 -203 -210 -215 -219 -225
305 299 293 289 282 277 271 267 263 256 252 248 241 236 231 227 219 214 210 204 200 194 188 181 177 170 167 160 155 149 144 139 132 128 123 118 111 107 101 91 80 73 68 63 57 53 49 45 40 36 32 28 24 20 16 11 7 3 0 -5 -9 -13 -18 -22 -26 -30 -36 -40 -45 -52 -63 -69 -74 -80 -85 -90 -95 -102 -105 -111 -117 -123 -128 -133 -138 -144 -149 -154 -160 -165 -171 -175 -180 -187 -193 -195 -201 -206 -213 -217 -222
303 296 291 285 282 275 269 264 259 253 249 243 240 233 229 222 218 215 209 203 196 190 186 180 175 170 165 157 153 148 143 136 132 125 120 117 112 106 101 91 80 73 68 63 57 53 49 45 40 36 33 27 23 20 16 11 7 3 0 -5 -9 -13 -18 -22 -26 -30 -35 -40 -45 -53 -62 -68 -74 -78 -84 -89 -94 -99 -104 -109 -115 -122 -127 -132 -138 -143 -148 -153 -158 -164 -169 -174 -179 -183 -190 -194 -200 -206 -212 -215 -221
299 291 290 285 277 274 269 263 256 252 247 243 237 230 225 221 216 212 206 203 194 190 184 180 173 168 161 157 151 146 142 135 131 125 121 114 110 106 101 90 80 73 68 62 58 53 49 44 40 36 32 28 24 20 16 11 7 3 0 -5 -9 -13 -18 -22 -26 -30 -35 -41 -45 -52 -60 -64 -72 -78 -84 -89 -94 -98 -105 -110 -115 -120 -127 -131 -136 -140 -148 -152 -157 -162 -168 -173 -178 -183 -188 -195 -197 -204 -209 -215 -220
296 292 285 282 276 271 266 261 256 250 244 240 235 229 225 220 215 209 205 199 195 187 182 177 171 166 161 155 150 145 139 134 130 124 120 113 108 104 100 91 80 73 68 62 57 53 50 44 40 36 32 27 24 20 16 11 7 3 0 -5 -9 -13 -18 -22 -26 -30 -36 -40 -46 -52 -58 -62 -68 -76 -84 -88 -93 -97 -104 -109 -114 -119 -125 -129 -135 -139 -147 -150 -155 -160 -166 -170 -177 -182 -187 -192 -197 -202 -205 -213 -218
291 288 281 279 275 269 261 260 253 248 244 238 233 227 221 218 212 207 202 197 192 187 181 177 170 165 160 154 149 143 138 133 128 123 117 114 108 104 97 90 81 73 68 63 58 53 49 44 40 36 32 27 24 20 16 11 7 3 0 -5 -9 -13 -18 -22 -26 -30 -35 -40 -46 -52 -58 -61 -66 -73 -82 -88 -92 -97 -102 -107 -113 -118 -124 -129 -134 -139 -144 -149 -155 -159 -167 -171 -175 -181 -184 -190 -197 -201 -205 -210 -217
290 285 285 275 269 268 262 255 252 246 242 236 230 226 220 217 210 205 199 195 190 186 180 174 169 162 157 152 146 142 136 133 127 122 116 111 107 102 93 88 81 73 68 62 58 54 49 44 40 36 32 28 24 20 16 11 7 3 -1 -5 -9 -13 -18 -22 -26 -30 -36 -40 -45 -51 -57 -61 -66 -71 -80 -87 -92 -96 -102 -107 -111 -117 -122 -127 -133 -137 -142 -149 -153 -157 -162 -170 -173 -179 -184 -187 -194 -197 -205 -206 -215
290 284 281 273 269 262 259 255 249 245 239 233 228 222 219 214 207 203 197 192 189 184 178 171 166 162 156 152 147 140 134 131 126 121 115 110 105 99 90 87 81 74 68 62 58 53 49 45 40 37 32 27 23 20 16 11 7 3 -1 -5 -9 -13 -18 -22 -26 -30 -36 -40 -45 -51 -57 -61 -65 -70 -78 -86 -91 -96 -101 -106 -111 -116 -120 -127 -131 -137 -142 -148 -152 -156 -162 -166 -171 -177 -181 -187 -191 -197 -201 -206 -213
290 281 277 270 264 261 256 254 247 243 238 233 226 221 216 212 207 201 196 192 188 182 177 170 164 161 154 149 143 140 134 129 124 118 114 110 106 97 90 86 82 74 67 62 58 54 49 44 40 36 32 28 24 20 15 11 7 3 -1 -5 -9 -13 -18 -22 -26 -30 -36 -40 -46 -51 -57 -60 -65 -70 -77 -84 -90 -94 -100 -105 -110 -115 -121 -125 -130 -135 -140 -145 -151 -155 -161 -166 -171 -176 -180 -185 -191 -197 -202 -207 -210
286 281 275 268 263 260 255 251 244 238 233 230 223 221 216 212 204 200 194 190 186 180 174 169 164 158 153 148 142 136 134 130 124 119 113 109 104 94 89 85 80 74 67 62 58 54 48 44 41 36 31 28 24 20 15 11 7 3 -1 -5 -9 -13 -18 -22 -26 -30 -36 -40 -45 -51 -56 -61 -64 -69 -76 -83 -89 -93 -99 -104 -109 -114 -119 -126 -130 -133 -140 -145 -149 -154 -160 -163 -170 -175 -180 -183 -192 -194 -198 -203 -209
281 275 274 267 263 258 251 247 242 237 232 228 223 217 215 208 203 197 195 189 184 177 172 166 163 158 152 145 140 136 132 128 122 118 113 108 102 92 89 83 79 74 67 62 58 54 49 45 40 36 32 27 24 20 15 11 7 3 -1 -5 -9 -13 -18 -22 -26 -30 -35 -40 -46 -51 -56 -60 -65 -69 -74 -82 -89 -93 -97 -103 -109 -112 -119 -124 -129 -133 -138 -142 -150 -153 -159 -162 -168 -173 -178 -182 -188 -192 -197 -203 -208
278 275 271 267 260 256 249 246 241 233 230 226 224 217 212 207 202 197 192 186 181 176 171 166 161 156 151 144 140 136 131 126 121 116 112 107 100 93 87 84 80 73 67 62 59 52 48 44 40 36 32 28 24 20 15 11 7 3 -1 -5 -9 -13 -18 -22 -26 -30 -36 -40 -45 -51 -55 -60 -64 -69 -73 -82 -88 -92 -97 -103 -108 -112 -117 -122 -128 -133 -137 -142 -145 -153 -157 -162 -167 -172 -178 -180 -186 -192 -197 -200 -207
277 272 269 260 259 252 250 244 238 234 228 224 222 212 208 203 201 194 190 184 179 174 168 165 159 154 148 144 139 135 130 124 119 114 110 106 99 92 88 83 77 72 67 62 57 53 49 44 41 36 32 28 24 20 15 11 7 3 -1 -5 -9 -13 -18 -22 -26 -30 -36 -41 -45 -50 -53 -60 -64 -68 -73 -82 -87 -91 -96 -101 -107 -111 -116 -121 -126 -131 -134 -140 -146 -152 -157 -160 -165 -170 -174 -181 -184 -191 -194 -201 -205
278 272 264 260 255 250 244 241 236 234 227 222 217 211 207 202 200 194 189 183 178 174 167 163 158 151 147 143 137 134 128 124 119 114 109 102 98 92 86 82 78 73 67 62 58 53 49 44 40 36 32 28 24 20 15 11 7 3 -1 -5 -9 -13 -18 -22 -26 -30 -36 -40 -45 -49 -54 -59 -62 -67 -74 -81 -86 -91 -95 -100 -106 -110 -115 -121 -125 -130 -135 -140 -144 -151 -154 -159 -165 -170 -174 -179 -183 -186 -194 -199 -203
274 271 266 259 255 249 244 240 233 231 226 222 218 211 207 202 196 191 187 180 175 171 166 160 154 149 145 141 135 132 126 121 116 112 109 102 97 92 85 81 76 71 67 63 57 53 49 44 40 35 31 28 24 20 15 11 7 3 -1 -5 -9 -13 -18 -22 -26 -31 -36 -41 -45 -49 -53 -57 -61 -67 -73 -79 -85 -90 -95 -99 -105 -109 -115 -119 -124 -130 -134 -138 -143 -148 -154 -159 -163 -167 -172 -177 -182 -188 -191 -197 -202
273 268 262 258 254 249 241 237 233 230 223 217 212 210 206 198 196 189 185 179 174 169 164 158 154 149 144 139 135 130 124 120 117 112 106 101 95 91 86 78 73 70 67 63 57 53 49 45 41 35 32 28 24 19 15 11 7 3 -1 -5 -9 -13 -18 -22 -26 -30 -36 -40 -44 -48 -51 -57 -62 -67 -72 -78 -85 -90 -94 -98 -103 -109 -113 -118 -122 -129 -133 -139 -142 -149 -153 -157 -162 -166 -171 -176 -180 -186 -191 -197 -200
272 263 261 255 249 244 241 238 234 228 224 217 213 208 204 198 194 189 184 177 174 167 163 158 153 148 144 140 135 129 125 120 114 111 105 100 95 90 86 80 75 70 65 61 57 53 49 44 41 35 32 28 24 19 15 11 7 3 -1 -5 -9 -13 -18 -22 -26 -30 -35 -39 -43 -47 -51 -58 -62 -67 -71 -76 -84 -89 -94 -97 -103 -107 -112 -115 -121 -127 -131 -138 -140 -146 -151 -157 -160 -165 -170 -175 -181 -185 -190 -194 -200
269 264 261 254 250 245 241 237 232 223 220 214 211 207 204 198 192 187 181 176 172 166 161 157 150 147 142 137 133 127 123 118 115 109 105 100 94 91 85 80 75 70 65 59 56 52 48 44 39 35 31 28 23 19 15 11 7 3 -1 -5 -9 -13 -18 -22 -26 -29 -35 -39 -43 -48 -52 -57 -62 -67 -71 -76 -83 -89 -93 -98 -101 -106 -111 -116 -120 -126 -131 -136 -141 -145 -151 -155 -160 -165 -169 -175 -179 -184 -188 -193 -198
266 263 258 252 249 243 238 234 229 225 219 213 210 206 201 196 191 185 180 174 171 164 158 154 150 146 141 136 130 126 123 119 112 107 104 99 94 90 85 80 75 71 66 61 56 52 47 43 39 35 31 27 23 19 15 11 7 3 -1 -5 -9 -13 -18 -22 -25 -30 -35 -39 -43 -47 -52 -57 -61 -66 -70 -75 -83 -88 -92 -96 -101 -107 -112 -115 -120 -123 -130 -134 -140 -145 -149 -154 -159 -164 -167 -172 -177 -183 -187 -193 -196
264 259 257 249 245 242 239 231 228 224 220 216 208 204 198 192 189 185 180 173 169 164 157 153 148 144 140 133 130 126 122 117 113 107 102 98 94 90 84 79 75 69 66 61 57 53 49 44 39 35 31 27 24 18 15 11 7 2 -1 -5 -9 -13 -18 -22 -26 -30 -35 -39 -43 -47 -52 -56 -61 -65 -70 -75 -83 -88 -91 -97 -101 -106 -111 -116 -119 -125 -130 -134 -139 -143 -148 -154 -159 -162 -167 -172 -178 -182 -184 -192 -196
265 258 258 250 245 239 236 231 229 221 217 212 208 202 198 192 187 182 178 171 165 160 157 152 148 142 139 134 128 124 120 115 112 107 101 99 94 88 83 78 74 70 65 60 57 52 48 44 40 35 32 27 24 19 15 11 7 2 -1 -5 -9 -13 -18 -22 -26 -30 -34 -40 -43 -47 -51 -56 -61 -65 -70 -75 -82 -88 -92 -95 -99 -105 -111 -114 -118 -123 -128 -133 -139 -144 -147 -153 -156 -163 -167 -170 -176 -182 -186 -190 -195
262 257 255 249 244 240 234 230 227 221 217 211 206 201 198 193 185 182 176 169 164 161 156 152 146 142 138 132 128 124 119 115 110 106 101 97 93 88 83 78 74 70 65 61 56 52 49 43 39 36 32 28 23 19 15 11 7 2 -1 -5 -9 -13 -18 -22 -26 -30 -34 -39 -43 -47 -51 -55 -60 -65 -70 -76 -82 -86 -91 -95 -99 -103 -109 -113 -118 -122 -128 -132 -137 -143 -146 -152 -157 -161 -165 -170 -175 -181 -184 -189 -193
262 257 255 248 244 241 233 229 225 219 216 209 205 200 196 189 184 180 174 169 164 159 155 150 145 139 136 132 128 122 119 113 110 106 101 97 94 87 82 79 73 70 63 60 56 53 48 44 39 35 31 28 23 19 15 11 7 2 -1 -5 -9 -13 -18 -22 -26 -30 -34 -39 -42 -47 -51 -56 -60 -65 -71 -76 -82 -88 -92 -95 -99 -104 -108 -113 -118 -122 -127 -131 -136 -141 -145 -150 -156 -161 -165 -171 -174 -180 -183 -190 -193
