-371 -371 -372 -373 -372 -372 -372 -374 -371 -373 -372 -371 -376 -371 -376 -374 -376 -373 -374 -372 -372 -375 -371 -373 -373 -374 -375 -373 -373 -374 -373 -375 -376 -375 -374 -375 -376 -377 -378 -374 -381 -375 -378 -376 -376 -378 -380 -378 -376 -378 -375 -374 -374 -377 -376 -374 -375 -376 -376 -379 -378 -380 -377 -377 -379 -375 -379 -376 -378 -377 -375 -376 -377 -379 -379 -378 -378 -377 -380 -379 -379 -376 -379 -377 -377 -379 -380 -377 -382 -380 -380 -380 -379 -380 -378 -381 -381 -380 -382 -379 -380
-367 -367 -369 -368 -366 -368 -366 -368 -369 -368 -369 -369 -368 -369 -368 -365 -369 -370 -370 -368 -367 -372 -369 -369 -368 -369 -368 -371 -367 -370 -369 -368 -370 -371 -370 -371 -372 -371 -371 -373 -371 -373 -370 -370 -372 -371 -373 -371 -367 -370 -370 -372 -371 -370 -370 -373 -372 -371 -372 -375 -370 -373 -375 -374 -373 -373 -376 -375 -375 -373 -375 -373 -373 -374 -374 -372 -370 -373 -373 -374 -375 -373 -374 -375 -376 -374 -374 -373 -375 -374 -374 -376 -375 -377 -377 -377 -374 -375 -375 -376 -374
-361 -362 -362 -361 -362 -363 -365 -361 -360 -363 -363 -363 -362 -366 -363 -364 -365 -364 -362 -364 -362 -363 -362 -364 -361 -363 -363 -363 -366 -365 -366 -364 -363 -366 -366 -365 -364 -366 -361 -366 -365 -364 -366 -366 -364 -365 -366 -366 -367 -364 -366 -366 -367 -367 -367 -365 -365 -367 -367 -367 -367 -365 -366 -369 -368 -365 -368 -366 -367 -365 -369 -368 -369 -369 -371 -369 -370 -367 -367 -367 -367 -369 -367 -366 -369 -369 -370 -367 -370 -370 -370 -367 -368 -369 -371 -370 -370 -371 -371 -371 -372
-358 -357 -357 -357 -358 -359 -360 -356 -356 -357 -358 -356 -355 -357 -356 -356 -360 -359 -360 -358 -359 -358 -357 -356 -359 -360 -360 -360 -359 -360 -361 -359 -360 -361 -361 -362 -360 -358 -361 -359 -357 -360 -360 -360 -361 -362 -363 -365 -362 -360 -362 -359 -361 -362 -358 -360 -364 -361 -365 -366 -363 -362 -361 -360 -362 -360 -362 -360 -361 -360 -362 -363 -363 -363 -364 -364 -365 -365 -364 -364 -364 -363 -365 -363 -363 -362 -364 -364 -364 -364 -363 -368 -365 -365 -364 -365 -365 -366 -368 -366 -365
-351 -353 -354 -353 -352 -353 -353 -353 -353 -353 -352 -352 -354 -351 -353 -355 -353 -353 -353 -354 -353 -351 -353 -352 -354 -356 -353 -354 -356 -355 -355 -355 -356 -354 -358 -356 -355 -356 -355 -357 -355 -353 -355 -355 -353 -355 -356 -357 -356 -354 -357 -357 -354 -350 -358 -357 -354 -356 -356 -357 -358 -358 -354 -356 -355 -355 -355 -356 -355 -355 -357 -357 -357 -357 -357 -360 -360 -358 -358 -359 -358 -359 -358 -359 -360 -359 -359 -360 -361 -357 -359 -358 -360 -360 -359 -361 -361 -361 -362 -363 -358
-346 -346 -346 -350 -349 -348 -349 -348 -348 -349 -347 -349 -348 -348 -351 -348 -348 -349 -350 -349 -351 -349 -348 -352 -349 -347 -349 -349 -349 -351 -351 -350 -352 -351 -353 -351 -350 -350 -351 -353 -352 -350 -349 -350 -353 -351 -350 -350 -347 -350 -349 -352 -350 -350 -350 -351 -352 -352 -353 -352 -349 -351 -350 -348 -350 -351 -352 -352 -353 -350 -352 -352 -353 -351 -353 -352 -352 -352 -349 -352 -354 -351 -352 -353 -355 -351 -355 -353 -354 -354 -355 -358 -357 -355 -355 -358 -357 -355 -356 -355 -356
-343 -343 -343 -340 -342 -343 -343 -344 -341 -342 -344 -345 -342 -342 -343 -345 -341 -345 -343 -343 -345 -343 -344 -341 -343 -342 -344 -343 -343 -345 -341 -345 -350 -343 -344 -344 -346 -345 -343 -343 -343 -345 -345 -344 -344 -342 -345 -344 -343 -346 -347 -346 -347 -346 -348 -346 -347 -348 -350 -348 -347 -346 -347 -348 -346 -345 -348 -349 -348 -346 -351 -347 -348 -349 -345 -345 -349 -347 -349 -350 -350 -347 -348 -349 -348 -351 -351 -350 -349 -350 -352 -350 -349 -349 -349 -352 -349 -351 -352 -351 -352
-338 -337 -338 -338 -335 -338 -336 -336 -337 -338 -338 -337 -341 -339 -338 -338 -339 -340 -339 -337 -340 -338 -339 -338 -340 -334 -339 -336 -339 -339 -337 -339 -339 -338 -340 -338 -337 -339 -341 -341 -340 -340 -339 -340 -340 -339 -338 -341 -340 -338 -341 -340 -339 -340 -341 -339 -339 -340 -343 -341 -339 -340 -342 -342 -342 -342 -343 -343 -342 -344 -342 -341 -345 -344 -343 -344 -344 -344 -344 -345 -343 -344 -340 -342 -343 -343 -344 -341 -344 -345 -345 -345 -343 -347 -347 -343 -347 -346 -346 -346 -344
-332 -333 -331 -330 -332 -330 -330 -333 -333 -332 -335 -333 -332 -331 -330 -332 -335 -333 -333 -333 -335 -333 -333 -334 -330 -331 -332 -333 -334 -332 -335 -332 -335 -332 -333 -332 -334 -334 -334 -332 -334 -335 -336 -337 -337 -336 -334 -334 -335 -336 -339 -337 -334 -333 -333 -335 -334 -334 -336 -338 -335 -335 -335 -335 -335 -334 -335 -336 -336 -337 -338 -338 -340 -339 -337 -340 -338 -338 -339 -338 -336 -338 -337 -336 -338 -337 -339 -340 -339 -339 -336 -340 -339 -340 -343 -340 -341 -342 -341 -343 -341
-326 -326 -327 -327 -326 -327 -327 -329 -326 -326 -325 -326 -327 -325 -328 -328 -328 -328 -327 -329 -329 -327 -324 -329 -324 -326 -330 -328 -327 -327 -330 -326 -327 -328 -328 -328 -328 -326 -328 -329 -329 -329 -326 -332 -331 -326 -328 -329 -327 -330 -329 -331 -330 -328 -329 -328 -331 -328 -331 -332 -329 -330 -328 -331 -332 -329 -334 -332 -331 -332 -332 -331 -333 -332 -330 -333 -331 -333 -334 -334 -335 -334 -335 -334 -334 -331 -332 -332 -334 -334 -335 -334 -336 -336 -337 -334 -335 -336 -334 -337 -335
-322 -321 -321 -321 -322 -324 -321 -320 -319 -322 -321 -322 -320 -323 -323 -320 -323 -324 -323 -326 -324 -321 -320 -321 -322 -323 -322 -323 -323 -321 -321 -323 -324 -318 -322 -323 -322 -324 -324 -324 -323 -325 -323 -325 -325 -323 -324 -325 -324 -322 -323 -325 -323 -327 -325 -326 -326 -325 -325 -327 -326 -323 -325 -325 -324 -326 -324 -325 -326 -325 -328 -327 -327 -328 -326 -328 -329 -327 -326 -326 -326 -328 -330 -329 -330 -330 -327 -329 -325 -327 -328 -330 -329 -329 -332 -331 -331 -330 -329 -328 -330
-314 -315 -316 -317 -318 -317 -315 -318 -318 -316 -317 -316 -318 -316 -316 -319 -318 -317 -317 -318 -316 -314 -315 -318 -317 -317 -316 -318 -317 -319 -321 -315 -317 -316 -319 -317 -321 -321 -319 -320 -319 -319 -320 -319 -319 -320 -320 -320 -319 -321 -320 -319 -318 -318 -321 -316 -318 -320 -318 -320 -319 -318 -319 -320 -322 -319 -320 -319 -321 -319 -321 -322 -321 -323 -322 -322 -320 -322 -323 -322 -320 -323 -323 -322 -322 -324 -324 -324 -326 -323 -324 -324 -322 -326 -324 -325 -325 -325 -325 -325 -326
-312 -310 -312 -310 -311 -308 -310 -310 -310 -310 -309 -310 -312 -311 -312 -314 -312 -312 -313 -310 -312 -311 -315 -312 -310 -311 -311 -312 -312 -309 -312 -312 -314 -313 -315 -312 -316 -312 -312 -314 -311 -314 -315 -314 -313 -314 -314 -314 -312 -312 -313 -317 -314 -313 -315 -314 -314 -312 -314 -315 -318 -314 -314 -320 -318 -316 -316 -317 -315 -318 -318 -316 -314 -317 -317 -317 -318 -319 -318 -316 -317 -317 -319 -317 -316 -317 -316 -317 -319 -317 -319 -319 -317 -319 -318 -318 -319 -318 -321 -317 -319
-306 -306 -308 -305 -306 -306 -306 -305 -305 -305 -304 -308 -307 -307 -308 -306 -308 -306 -305 -306 -308 -308 -304 -308 -305 -307 -307 -307 -305 -308 -308 -307 -308 -307 -309 -308 -309 -310 -310 -308 -307 -310 -308 -307 -309 -308 -308 -309 -309 -307 -310 -310 -310 -308 -308 -306 -309 -311 -312 -312 -309 -310 -310 -309 -312 -312 -310 -312 -313 -309 -313 -316 -313 -311 -312 -314 -313 -311 -312 -312 -309 -311 -312 -312 -313 -314 -312 -313 -314 -314 -313 -314 -314 -315 -313 -313 -315 -313 -313 -315 -314
-303 -301 -301 -301 -302 -301 -300 -300 -300 -301 -302 -303 -302 -301 -300 -301 -301 -300 -302 -303 -303 -302 -302 -299 -302 -299 -301 -300 -301 -300 -302 -303 -300 -301 -305 -304 -303 -304 -304 -303 -303 -303 -301 -304 -300 -302 -289 -293 -305 -304 -306 -305 -305 -305 -307 -307 -305 -308 -308 -308 -308 -305 -305 -305 -304 -305 -307 -307 -306 -306 -309 -305 -304 -305 -304 -306 -309 -310 -306 -309 -306 -306 -308 -306 -306 -309 -307 -306 -306 -306 -309 -310 -311 -308 -310 -307 -308 -308 -309 -310 -310
-296 -297 -297 -296 -296 -295 -296 -296 -293 -296 -297 -295 -296 -295 -295 -295 -297 -295 -297 -297 -298 -296 -297 -296 -296 -295 -297 -295 -294 -299 -295 -298 -296 -296 -298 -297 -298 -298 -297 -297 -297 -299 -296 -296 -298 -298 -269 -284 -300 -300 -300 -297 -296 -297 -298 -295 -299 -297 -300 -302 -301 -302 -302 -300 -302 -301 -302 -302 -302 -301 -301 -301 -302 -301 -302 -304 -304 -302 -303 -301 -301 -301 -301 -301 -302 -302 -302 -300 -303 -300 -302 -304 -305 -304 -306 -305 -303 -303 -303 -303 -304
-290 -291 -292 -289 -290 -289 -290 -290 -290 -288 -288 -291 -292 -290 -291 -293 -291 -293 -290 -289 -289 -290 -290 -291 -291 -290 -292 -290 -293 -291 -291 -292 -291 -290 -293 -294 -292 -293 -295 -293 -291 -291 -293 -294 -295 -292 -248 -258 -295 -295 -293 -295 -294 -292 -293 -293 -295 -296 -295 -295 -296 -294 -298 -296 -297 -296 -297 -298 -296 -297 -298 -295 -296 -298 -298 -299 -300 -298 -295 -296 -295 -296 -295 -295 -296 -296 -295 -297 -296 -297 -299 -296 -298 -298 -299 -300 -299 -298 -298 -298 -298
-285 -287 -285 -284 -285 -285 -286 -286 -286 -284 -285 -285 -286 -284 -285 -284 -286 -289 -287 -287 -287 -285 -284 -286 -288 -283 -285 -287 -285 -284 -287 -285 -287 -286 -289 -287 -287 -287 -285 -286 -287 -288 -288 -288 -293 -282 -234 -233 -283 -292 -289 -289 -286 -287 -287 -290 -289 -286 -289 -289 -290 -292 -293 -291 -290 -289 -290 -292 -291 -292 -291 -292 -291 -293 -292 -292 -292 -292 -291 -291 -291 -290 -292 -290 -292 -292 -290 -290 -289 -291 -288 -292 -294 -291 -295 -294 -293 -295 -292 -294 -294
-282 -280 -282 -279 -280 -280 -281 -278 -279 -279 -279 -280 -281 -281 -280 -282 -283 -282 -279 -278 -279 -280 -281 -280 -280 -280 -283 -281 -282 -279 -280 -279 -280 -280 -282 -282 -277 -280 -280 -279 -278 -258 -283 -287 -286 -262 -228 -227 -243 -288 -285 -282 -280 -283 -283 -283 -283 -284 -283 -282 -282 -285 -286 -286 -288 -287 -286 -288 -287 -286 -284 -286 -285 -287 -287 -288 -285 -284 -284 -284 -285 -287 -288 -287 -286 -285 -285 -287 -286 -286 -286 -288 -287 -287 -289 -289 -288 -289 -288 -288 -288
-277 -275 -273 -275 -274 -274 -272 -277 -274 -277 -274 -275 -275 -274 -275 -276 -277 -275 -273 -275 -275 -275 -275 -275 -276 -275 -276 -276 -275 -273 -273 -275 -277 -276 -276 -275 -274 -274 -277 -278 -268 -241 -276 -280 -280 -235 -223 -223 -224 -270 -284 -278 -276 -277 -279 -275 -277 -279 -278 -280 -278 -281 -280 -279 -280 -278 -280 -277 -281 -279 -282 -282 -280 -280 -280 -281 -277 -277 -278 -281 -280 -282 -281 -281 -281 -280 -280 -279 -281 -281 -281 -282 -282 -281 -282 -285 -283 -284 -284 -283 -284
-270 -270 -271 -270 -270 -268 -271 -269 -268 -268 -269 -268 -269 -268 -269 -271 -269 -270 -269 -270 -268 -271 -269 -270 -269 -268 -269 -271 -268 -269 -269 -272 -269 -270 -269 -271 -272 -269 -272 -268 -259 -231 -271 -277 -272 -224 -219 -220 -219 -230 -275 -274 -270 -270 -273 -272 -274 -271 -274 -273 -272 -272 -272 -272 -272 -272 -274 -272 -274 -274 -275 -275 -275 -276 -273 -271 -273 -275 -274 -272 -276 -277 -276 -274 -275 -276 -276 -274 -275 -276 -274 -276 -276 -276 -277 -274 -278 -278 -280 -279 -277
-265 -265 -264 -264 -264 -264 -265 -265 -264 -262 -263 -262 -263 -263 -266 -265 -267 -266 -262 -266 -266 -266 -266 -265 -264 -263 -264 -265 -263 -265 -264 -265 -265 -265 -265 -264 -264 -264 -267 -266 -249 -224 -264 -272 -259 -216 -215 -216 -214 -217 -255 -272 -267 -264 -265 -266 -268 -267 -269 -266 -267 -270 -268 -265 -266 -265 -268 -266 -266 -267 -266 -267 -268 -268 -268 -269 -268 -269 -268 -270 -272 -271 -271 -269 -270 -271 -269 -270 -270 -270 -269 -271 -270 -270 -271 -272 -272 -273 -271 -273 -271
-259 -258 -259 -258 -259 -258 -258 -258 -258 -259 -259 -259 -259 -254 -258 -259 -259 -259 -257 -256 -259 -259 -259 -260 -260 -259 -259 -258 -256 -259 -259 -259 -261 -259 -259 -262 -260 -258 -262 -261 -244 -220 -259 -265 -243 -212 -210 -212 -212 -212 -217 -262 -263 -258 -260 -261 -261 -259 -260 -260 -263 -262 -263 -264 -260 -262 -259 -260 -261 -261 -262 -262 -263 -264 -261 -262 -261 -261 -264 -263 -263 -263 -263 -264 -265 -266 -266 -267 -264 -264 -264 -264 -265 -265 -267 -267 -266 -268 -268 -267 -267
-254 -254 -254 -253 -252 -252 -253 -252 -251 -255 -252 -253 -253 -252 -253 -254 -254 -253 -250 -254 -254 -253 -254 -254 -252 -254 -255 -254 -252 -253 -252 -255 -253 -252 -254 -253 -255 -257 -255 -253 -241 -210 -255 -260 -223 -207 -207 -209 -208 -207 -208 -245 -260 -256 -255 -255 -255 -257 -257 -259 -257 -256 -257 -257 -258 -256 -256 -256 -257 -255 -257 -258 -256 -257 -258 -257 -257 -257 -259 -258 -258 -258 -258 -259 -259 -259 -259 -262 -258 -257 -259 -260 -261 -261 -262 -260 -261 -263 -261 -263 -262
-247 -249 -248 -248 -250 -250 -248 -248 -248 -247 -247 -246 -249 -250 -249 -247 -248 -248 -248 -247 -248 -249 -248 -250 -249 -248 -249 -248 -248 -248 -249 -247 -249 -249 -248 -247 -252 -251 -252 -250 -237 -200 -243 -251 -205 -203 -203 -203 -203 -202 -203 -210 -254 -251 -249 -249 -251 -251 -249 -250 -251 -251 -253 -251 -252 -247 -250 -250 -247 -249 -253 -251 -252 -251 -251 -253 -250 -253 -254 -253 -254 -254 -252 -253 -254 -255 -255 -254 -254 -255 -252 -256 -255 -257 -256 -255 -256 -257 -256 -255 -258
-243 -243 -244 -242 -244 -244 -242 -243 -244 -240 -241 -243 -242 -244 -243 -243 -242 -241 -242 -242 -243 -243 -242 -243 -241 -241 -241 -244 -242 -243 -243 -242 -242 -243 -241 -246 -245 -244 -247 -249 -240 -196 -208 -247 -198 -198 -199 -199 -198 -199 -198 -202 -242 -249 -244 -245 -244 -244 -246 -245 -247 -245 -244 -245 -245 -246 -248 -240 -219 -244 -250 -246 -250 -246 -246 -249 -247 -247 -247 -247 -251 -249 -249 -249 -249 -251 -250 -250 -248 -249 -250 -251 -250 -252 -251 -252 -251 -251 -250 -253 -252
-238 -237 -237 -237 -237 -238 -238 -239 -237 -237 -236 -236 -236 -238 -238 -238 -237 -238 -236 -237 -235 -236 -239 -237 -238 -235 -237 -237 -239 -237 -237 -236 -238 -235 -236 -238 -238 -239 -241 -243 -237 -200 -192 -236 -195 -195 -196 -195 -194 -196 -194 -195 -215 -244 -242 -238 -241 -240 -243 -241 -240 -240 -239 -237 -240 -242 -242 -214 -210 -245 -243 -239 -241 -240 -241 -240 -243 -242 -244 -242 -244 -242 -244 -244 -243 -243 -244 -245 -243 -245 -246 -245 -243 -246 -246 -246 -248 -246 -245 -249 -248
-233 -232 -233 -233 -233 -234 -231 -232 -233 -232 -233 -232 -231 -233 -232 -233 -232 -234 -233 -231 -233 -232 -233 -234 -233 -231 -234 -232 -231 -231 -232 -230 -230 -233 -231 -233 -233 -234 -236 -239 -236 -203 -181 -223 -192 -192 -192 -190 -190 -190 -190 -191 -196 -237 -238 -236 -236 -235 -237 -237 -236 -235 -235 -233 -235 -237 -231 -199 -218 -238 -238 -236 -235 -236 -236 -236 -237 -237 -238 -235 -239 -238 -237 -238 -239 -239 -240 -241 -239 -239 -240 -241 -240 -240 -240 -240 -240 -241 -241 -241 -241
-228 -227 -227 -227 -227 -226 -228 -228 -225 -226 -224 -225 -227 -224 -226 -227 -226 -226 -226 -228 -227 -227 -229 -228 -226 -227 -227 -227 -228 -227 -228 -226 -228 -227 -227 -228 -227 -228 -230 -233 -229 -201 -174 -209 -188 -186 -186 -185 -187 -188 -186 -186 -188 -221 -234 -229 -229 -229 -231 -229 -230 -228 -229 -230 -231 -234 -212 -195 -231 -234 -231 -230 -231 -232 -231 -231 -229 -230 -231 -231 -232 -231 -231 -232 -234 -234 -236 -235 -233 -234 -233 -235 -235 -234 -234 -234 -233 -234 -235 -235 -233
-223 -221 -222 -223 -223 -222 -221 -222 -221 -220 -221 -220 -222 -223 -223 -223 -221 -223 -220 -222 -223 -223 -222 -221 -223 -221 -221 -221 -223 -222 -220 -223 -221 -222 -222 -223 -223 -223 -224 -227 -225 -194 -167 -198 -184 -182 -183 -183 -182 -183 -183 -183 -182 -196 -229 -224 -222 -223 -224 -223 -223 -222 -222 -222 -228 -222 -196 -210 -229 -226 -225 -226 -225 -226 -228 -226 -226 -225 -227 -226 -226 -226 -227 -228 -226 -228 -230 -229 -227 -230 -228 -228 -230 -230 -229 -229 -228 -231 -230 -230 -230
-215 -217 -216 -215 -217 -216 -215 -216 -215 -216 -215 -215 -217 -215 -217 -217 -215 -217 -217 -216 -215 -216 -218 -217 -217 -217 -217 -216 -217 -216 -216 -216 -216 -217 -214 -217 -216 -215 -218 -222 -215 -188 -164 -186 -178 -180 -179 -178 -178 -179 -179 -179 -179 -184 -220 -221 -216 -218 -219 -220 -218 -216 -218 -220 -223 -210 -200 -222 -223 -221 -219 -220 -220 -220 -221 -218 -220 -220 -221 -220 -221 -222 -223 -222 -223 -221 -223 -222 -225 -224 -223 -223 -222 -223 -225 -224 -223 -222 -225 -224 -224
-212 -211 -211 -211 -210 -210 -211 -212 -211 -210 -209 -210 -210 -211 -212 -212 -212 -212 -210 -210 -209 -209 -213 -211 -212 -210 -210 -211 -211 -211 -209 -210 -209 -209 -210 -210 -210 -211 -212 -215 -202 -172 -158 -176 -174 -175 -174 -173 -174 -175 -175 -175 -175 -177 -209 -217 -213 -212 -213 -212 -212 -211 -213 -216 -215 -200 -210 -219 -216 -214 -214 -213 -214 -214 -214 -216 -214 -215 -217 -215 -216 -215 -216 -216 -216 -217 -215 -217 -219 -219 -218 -218 -218 -219 -218 -219 -218 -220 -218 -220 -219
-205 -206 -205 -204 -206 -207 -206 -206 -206 -205 -205 -205 -205 -205 -207 -206 -205 -205 -205 -205 -207 -203 -205 -206 -208 -205 -205 -205 -206 -206 -206 -203 -206 -204 -204 -205 -205 -206 -209 -210 -185 -163 -155 -166 -170 -169 -171 -171 -169 -171 -171 -171 -171 -172 -190 -212 -208 -205 -206 -206 -207 -206 -209 -212 -201 -198 -211 -211 -209 -207 -210 -207 -209 -209 -210 -209 -209 -210 -208 -209 -210 -211 -210 -210 -211 -210 -211 -211 -212 -214 -214 -212 -212 -214 -213 -213 -214 -215 -213 -214 -214
-200 -200 -200 -200 -201 -201 -201 -200 -201 -200 -201 -199 -198 -202 -201 -200 -200 -201 -200 -198 -199 -200 -200 -201 -200 -200 -200 -202 -199 -202 -201 -199 -201 -201 -201 -201 -201 -201 -204 -201 -173 -159 -149 -158 -165 -166 -166 -167 -166 -166 -167 -168 -166 -166 -172 -206 -204 -203 -202 -203 -202 -203 -205 -204 -191 -202 -208 -204 -203 -202 -203 -204 -206 -204 -204 -205 -204 -204 -206 -206 -205 -205 -206 -205 -204 -205 -207 -205 -207 -206 -207 -208 -208 -208 -207 -207 -208 -209 -209 -206 -207
-195 -194 -195 -194 -197 -196 -195 -196 -195 -195 -195 -193 -194 -193 -196 -195 -195 -196 -194 -194 -195 -194 -195 -195 -196 -194 -196 -197 -194 -195 -195 -195 -195 -194 -194 -193 -195 -193 -197 -191 -166 -154 -145 -151 -161 -162 -163 -161 -161 -162 -163 -162 -163 -162 -166 -198 -201 -196 -197 -197 -198 -199 -199 -192 -187 -199 -201 -198 -197 -198 -197 -198 -199 -199 -198 -201 -200 -200 -201 -199 -197 -200 -198 -200 -201 -199 -200 -199 -200 -201 -202 -203 -202 -201 -202 -202 -203 -204 -202 -201 -201
-192 -188 -190 -190 -189 -190 -190 -192 -191 -190 -188 -189 -189 -189 -191 -190 -191 -189 -190 -190 -189 -189 -190 -189 -190 -189 -190 -189 -189 -189 -189 -190 -189 -190 -189 -189 -190 -189 -193 -185 -160 -148 -141 -148 -156 -157 -158 -158 -157 -159 -158 -159 -158 -159 -160 -186 -197 -193 -192 -191 -192 -194 -190 -178 -190 -196 -194 -192 -193 -192 -194 -193 -193 -194 -194 -194 -192 -195 -194 -194 -195 -193 -193 -194 -193 -194 -195 -195 -193 -196 -197 -198 -198 -198 -198 -196 -198 -197 -196 -196 -196
-185 -185 -184 -184 -184 -184 -185 -185 -185 -185 -185 -184 -184 -184 -182 -185 -184 -185 -183 -183 -182 -184 -185 -181 -183 -183 -185 -185 -185 -184 -185 -185 -185 -185 -184 -184 -185 -184 -188 -180 -155 -143 -136 -141 -151 -154 -152 -152 -153 -154 -154 -154 -153 -154 -155 -172 -190 -185 -185 -185 -188 -187 -176 -172 -189 -189 -188 -186 -187 -188 -187 -188 -187 -188 -186 -187 -187 -189 -188 -189 -187 -189 -188 -188 -188 -189 -189 -191 -191 -191 -189 -190 -193 -193 -192 -190 -191 -192 -191 -191 -191
-179 -179 -179 -177 -177 -178 -180 -179 -179 -179 -180 -179 -177 -178 -179 -177 -178 -179 -180 -179 -178 -178 -179 -179 -178 -178 -177 -179 -181 -180 -180 -180 -179 -179 -180 -180 -179 -178 -181 -174 -150 -138 -134 -136 -146 -148 -147 -148 -148 -150 -150 -149 -150 -150 -150 -158 -186 -183 -180 -181 -184 -176 -158 -177 -185 -183 -181 -182 -182 -183 -183 -182 -184 -183 -181 -182 -183 -182 -183 -184 -183 -183 -183 -181 -185 -185 -184 -184 -184 -185 -185 -184 -187 -187 -184 -184 -185 -186 -184 -186 -185
-173 -173 -174 -174 -173 -172 -172 -173 -173 -175 -174 -173 -172 -173 -173 -173 -173 -173 -174 -172 -173 -172 -173 -171 -174 -172 -173 -173 -173 -173 -174 -174 -174 -175 -175 -175 -174 -173 -176 -170 -146 -134 -129 -131 -143 -143 -144 -143 -143 -144 -144 -144 -146 -146 -145 -149 -179 -177 -175 -177 -177 -157 -155 -179 -179 -176 -176 -176 -176 -176 -176 -175 -177 -176 -176 -176 -177 -177 -176 -176 -178 -177 -179 -177 -177 -178 -179 -177 -180 -180 -181 -181 -179 -181 -180 -178 -180 -181 -180 -180 -182
-170 -169 -169 -169 -168 -167 -168 -167 -170 -168 -168 -168 -167 -168 -165 -168 -167 -167 -168 -167 -166 -169 -168 -168 -168 -167 -167 -167 -167 -168 -167 -169 -170 -171 -170 -169 -169 -168 -171 -167 -141 -129 -125 -127 -137 -140 -139 -139 -139 -140 -140 -140 -141 -140 -141 -143 -168 -173 -169 -172 -162 -144 -162 -173 -170 -170 -168 -170 -170 -170 -171 -169 -170 -171 -171 -171 -172 -172 -171 -172 -172 -173 -172 -173 -172 -173 -173 -172 -173 -176 -173 -173 -175 -174 -175 -174 -175 -174 -174 -175 -176
-163 -164 -163 -162 -162 -161 -163 -162 -161 -162 -162 -162 -161 -162 -162 -162 -161 -163 -162 -155 -147 -158 -162 -161 -162 -162 -161 -163 -163 -163 -162 -162 -164 -163 -165 -163 -164 -163 -166 -161 -137 -125 -121 -123 -133 -136 -135 -135 -134 -136 -135 -137 -137 -137 -137 -138 -158 -168 -166 -164 -143 -140 -166 -169 -165 -164 -164 -163 -165 -164 -165 -164 -165 -165 -165 -165 -164 -165 -166 -165 -167 -167 -167 -167 -169 -166 -167 -167 -166 -167 -168 -169 -169 -168 -170 -170 -169 -170 -171 -169 -169
-158 -159 -158 -157 -158 -157 -157 -157 -157 -157 -157 -157 -157 -157 -156 -157 -156 -158 -158 -154 -130 -133 -146 -158 -159 -156 -155 -157 -158 -157 -156 -157 -158 -158 -156 -156 -158 -158 -160 -155 -132 -121 -118 -119 -127 -131 -131 -131 -131 -131 -131 -132 -132 -132 -132 -133 -148 -164 -164 -150 -132 -144 -164 -161 -159 -159 -158 -159 -159 -158 -159 -159 -161 -159 -159 -160 -161 -161 -159 -160 -161 -160 -162 -162 -162 -162 -160 -161 -162 -162 -161 -162 -163 -163 -162 -164 -164 -163 -163 -164 -163
-151 -152 -153 -150 -151 -151 -152 -151 -151 -150 -150 -151 -150 -151 -151 -151 -151 -151 -153 -154 -131 -120 -123 -136 -154 -152 -152 -150 -150 -150 -152 -150 -151 -151 -151 -151 -151 -151 -155 -149 -127 -116 -115 -115 -123 -127 -127 -127 -127 -126 -127 -127 -128 -128 -128 -129 -135 -158 -156 -132 -127 -151 -158 -154 -153 -152 -153 -153 -154 -154 -154 -154 -154 -154 -155 -155 -155 -154 -155 -156 -154 -155 -155 -154 -156 -155 -155 -155 -156 -155 -156 -156 -157 -157 -158 -159 -157 -158 -159 -157 -158
-145 -147 -148 -146 -146 -146 -146 -145 -146 -145 -145 -146 -145 -146 -146 -146 -146 -145 -148 -148 -133 -115 -116 -118 -128 -148 -147 -145 -146 -145 -145 -146 -145 -145 -146 -146 -146 -146 -149 -142 -122 -111 -108 -110 -117 -123 -123 -122 -122 -122 -123 -123 -124 -124 -123 -124 -127 -150 -141 -124 -126 -153 -152 -148 -148 -147 -148 -149 -149 -148 -150 -149 -149 -150 -149 -150 -150 -150 -149 -149 -150 -149 -150 -150 -151 -150 -150 -151 -151 -150 -151 -150 -152 -153 -154 -153 -152 -151 -152 -152 -151
-140 -140 -140 -141 -138 -140 -141 -142 -140 -139 -140 -140 -140 -139 -140 -141 -140 -140 -142 -142 -128 -112 -111 -112 -114 -128 -142 -141 -140 -141 -141 -141 -141 -139 -141 -140 -141 -141 -143 -135 -118 -108 -105 -106 -112 -117 -117 -117 -117 -117 -117 -118 -119 -120 -121 -121 -121 -139 -119 -117 -131 -148 -145 -142 -142 -142 -142 -144 -143 -143 -143 -141 -143 -142 -143 -144 -143 -143 -143 -144 -143 -144 -144 -144 -144 -144 -145 -145 -145 -144 -145 -146 -146 -146 -146 -147 -145 -144 -145 -146 -147
-135 -135 -135 -134 -120 -131 -135 -136 -134 -134 -134 -135 -134 -134 -134 -134 -133 -135 -137 -137 -120 -106 -106 -107 -108 -110 -126 -137 -134 -135 -133 -136 -135 -136 -136 -135 -135 -135 -138 -129 -115 -105 -102 -103 -107 -112 -112 -112 -112 -112 -113 -114 -115 -114 -114 -115 -114 -122 -111 -113 -134 -141 -137 -136 -136 -135 -137 -137 -136 -135 -136 -137 -137 -137 -136 -138 -138 -138 -138 -138 -138 -139 -138 -138 -140 -140 -140 -139 -139 -140 -141 -140 -139 -140 -141 -141 -141 -141 -141 -140 -140
-128 -130 -131 -129 -106 -108 -129 -132 -130 -129 -129 -129 -129 -129 -129 -128 -129 -128 -129 -131 -109 -102 -103 -102 -102 -104 -108 -124 -132 -129 -127 -128 -129 -128 -130 -130 -129 -131 -133 -123 -109 -101 -99 -98 -102 -108 -108 -108 -108 -108 -109 -109 -110 -110 -110 -111 -110 -107 -107 -111 -134 -135 -131 -130 -131 -130 -131 -131 -132 -131 -131 -132 -132 -131 -133 -132 -133 -133 -133 -133 -134 -134 -133 -134 -135 -134 -134 -134 -134 -132 -133 -134 -134 -134 -134 -134 -134 -135 -135 -135 -135
-124 -124 -126 -124 -101 -95 -112 -125 -126 -125 -124 -124 -123 -123 -123 -124 -123 -124 -126 -122 -101 -97 -98 -99 -99 -100 -100 -104 -121 -126 -124 -123 -123 -123 -123 -124 -123 -123 -127 -117 -105 -97 -95 -94 -97 -103 -104 -103 -104 -103 -104 -104 -105 -105 -106 -107 -106 -103 -103 -112 -130 -128 -125 -125 -125 -125 -126 -126 -126 -126 -126 -126 -126 -126 -127 -128 -127 -127 -127 -128 -127 -127 -128 -126 -127 -128 -127 -127 -128 -128 -129 -127 -128 -128 -129 -130 -130 -130 -130 -131 -131
-119 -119 -120 -119 -98 -88 -93 -113 -120 -118 -119 -119 -113 -111 -118 -118 -118 -119 -120 -115 -94 -93 -93 -93 -93 -95 -96 -96 -101 -119 -121 -117 -117 -118 -118 -118 -117 -118 -119 -109 -100 -93 -88 -91 -92 -98 -99 -99 -100 -100 -100 -101 -101 -101 -102 -102 -103 -100 -100 -113 -125 -122 -120 -121 -119 -121 -119 -121 -121 -120 -121 -122 -122 -120 -121 -121 -122 -120 -121 -121 -121 -121 -122 -121 -122 -121 -122 -122 -122 -122 -123 -123 -123 -123 -123 -124 -125 -124 -123 -123 -124
-114 -114 -116 -116 -95 -84 -84 -90 -112 -114 -112 -113 -109 -99 -110 -114 -112 -113 -114 -106 -89 -88 -88 -89 -90 -89 -90 -90 -92 -98 -114 -115 -112 -112 -113 -113 -113 -113 -115 -103 -96 -90 -85 -85 -87 -93 -93 -94 -94 -94 -94 -96 -95 -96 -96 -97 -97 -95 -96 -113 -119 -117 -115 -114 -116 -116 -115 -114 -114 -113 -115 -115 -115 -116 -114 -115 -116 -116 -115 -115 -116 -116 -116 -116 -116 -116 -117 -117 -117 -117 -117 -117 -118 -117 -116 -117 -118 -117 -118 -118 -118
-107 -107 -109 -109 -97 -81 -80 -82 -89 -109 -108 -107 -107 -94 -93 -108 -109 -108 -109 -97 -84 -85 -85 -84 -85 -85 -86 -86 -86 -89 -100 -109 -109 -107 -108 -108 -107 -108 -109 -97 -92 -88 -82 -82 -83 -88 -89 -89 -89 -89 -90 -91 -92 -92 -92 -92 -91 -89 -91 -108 -112 -110 -108 -108 -109 -108 -108 -109 -108 -109 -109 -110 -109 -109 -110 -110 -110 -110 -110 -110 -111 -111 -111 -110 -110 -110 -111 -111 -111 -112 -110 -111 -111 -111 -111 -111 -111 -112 -112 -111 -112
-101 -102 -102 -102 -96 -78 -76 -76 -78 -92 -103 -103 -102 -96 -86 -95 -103 -102 -101 -88 -80 -80 -80 -80 -80 -81 -81 -82 -82 -83 -86 -102 -103 -101 -100 -101 -101 -103 -104 -92 -88 -84 -77 -78 -79 -84 -84 -86 -85 -85 -86 -87 -87 -87 -88 -88 -86 -85 -88 -103 -107 -104 -103 -103 -104 -104 -103 -104 -103 -103 -104 -104 -105 -104 -106 -105 -105 -105 -105 -104 -105 -106 -105 -105 -106 -104 -104 -105 -104 -105 -105 -105 -105 -105 -106 -105 -105 -106 -107 -108 -107
-96 -96 -97 -98 -94 -75 -71 -73 -73 -76 -93 -98 -98 -95 -84 -83 -97 -98 -97 -81 -75 -75 -77 -76 -77 -77 -78 -77 -77 -78 -79 -86 -98 -97 -96 -96 -96 -96 -98 -85 -82 -79 -74 -74 -76 -79 -81 -80 -81 -81 -82 -82 -83 -83 -83 -83 -81 -81 -86 -99 -102 -98 -98 -98 -98 -98 -99 -99 -98 -98 -99 -99 -99 -99 -99 -100 -99 -98 -98 -98 -97 -99 -99 -99 -98 -99 -99 -99 -99 -99 -101 -100 -100 -100 -100 -101 -101 -100 -101 -102 -100
-91 -90 -90 -92 -91 -73 -68 -67 -67 -69 -75 -92 -93 -91 -86 -78 -88 -93 -90 -76 -70 -71 -70 -71 -71 -72 -73 -74 -73 -74 -74 -77 -91 -93 -91 -90 -91 -92 -91 -79 -78 -77 -70 -70 -71 -73 -75 -75 -75 -76 -76 -77 -77 -78 -78 -77 -75 -76 -81 -93 -96 -93 -93 -93 -93 -91 -91 -92 -92 -93 -92 -93 -92 -93 -93 -92 -93 -94 -93 -93 -93 -93 -93 -94 -93 -94 -94 -94 -95 -94 -94 -95 -95 -95 -95 -94 -94 -94 -94 -94 -94
-86 -85 -86 -86 -86 -73 -64 -63 -63 -64 -65 -77 -86 -87 -85 -77 -80 -88 -85 -71 -66 -67 -66 -66 -67 -67 -68 -67 -68 -68 -69 -70 -78 -89 -87 -85 -85 -86 -87 -75 -74 -72 -67 -66 -66 -69 -70 -70 -71 -71 -71 -72 -73 -73 -73 -73 -71 -72 -77 -87 -89 -87 -86 -87 -86 -87 -86 -87 -87 -87 -87 -88 -87 -87 -88 -88 -87 -88 -87 -88 -89 -88 -88 -88 -89 -88 -89 -88 -89 -89 -88 -88 -88 -88 -88 -88 -88 -87 -89 -89 -89
-80 -80 -80 -81 -81 -74 -61 -60 -59 -59 -60 -63 -77 -80 -80 -76 -73 -81 -79 -66 -62 -62 -62 -63 -63 -63 -63 -63 -64 -64 -64 -64 -67 -81 -80 -79 -79 -79 -81 -70 -70 -68 -64 -61 -63 -65 -65 -66 -67 -67 -67 -68 -68 -69 -69 -68 -67 -68 -72 -81 -84 -82 -81 -81 -81 -81 -81 -81 -81 -82 -82 -82 -82 -82 -83 -82 -83 -82 -82 -83 -83 -83 -82 -82 -81 -81 -82 -82 -81 -82 -78 -73 -82 -83 -84 -83 -83 -83 -83 -83 -84
-73 -73 -74 -74 -76 -73 -59 -55 -55 -55 -56 -57 -63 -75 -76 -73 -70 -70 -72 -60 -57 -58 -58 -58 -59 -59 -59 -60 -60 -60 -60 -61 -62 -72 -76 -74 -74 -75 -74 -64 -64 -64 -60 -57 -57 -59 -61 -62 -62 -63 -63 -63 -64 -64 -65 -63 -62 -63 -67 -75 -78 -76 -75 -76 -75 -76 -76 -76 -76 -77 -76 -76 -75 -75 -76 -75 -76 -75 -76 -75 -75 -76 -76 -76 -76 -76 -76 -77 -77 -72 -64 -65 -76 -78 -77 -77 -78 -77 -78 -77 -77
-68 -68 -67 -68 -69 -68 -56 -51 -51 -52 -51 -52 -54 -64 -70 -69 -67 -61 -60 -54 -53 -53 -53 -53 -53 -53 -54 -56 -55 -56 -56 -56 -57 -62 -71 -70 -69 -70 -69 -60 -59 -59 -57 -54 -53 -55 -56 -56 -57 -57 -57 -58 -58 -58 -59 -58 -57 -58 -60 -68 -72 -71 -69 -69 -69 -69 -69 -70 -70 -70 -70 -70 -70 -70 -70 -70 -70 -70 -70 -71 -71 -71 -70 -71 -70 -71 -71 -72 -68 -59 -58 -68 -73 -73 -70 -70 -71 -70 -71 -71 -71
-63 -62 -62 -62 -63 -62 -56 -47 -46 -46 -46 -47 -49 -51 -63 -64 -64 -56 -52 -51 -49 -49 -49 -49 -49 -50 -50 -50 -50 -50 -50 -50 -51 -54 -64 -65 -63 -64 -64 -55 -55 -55 -54 -50 -50 -51 -52 -52 -52 -53 -53 -53 -54 -54 -54 -53 -52 -54 -55 -61 -66 -64 -64 -64 -64 -64 -64 -64 -64 -64 -64 -64 -64 -65 -64 -65 -65 -65 -65 -65 -65 -65 -65 -65 -65 -66 -66 -64 -54 -52 -57 -66 -65 -65 -65 -65 -66 -66 -66 -65 -65
-57 -58 -57 -57 -57 -58 -55 -45 -43 -43 -43 -43 -43 -44 -49 -57 -57 -55 -47 -47 -45 -45 -45 -45 -45 -45 -46 -46 -46 -46 -46 -47 -47 -48 -58 -58 -57 -58 -57 -50 -49 -49 -49 -47 -45 -47 -48 -48 -48 -48 -48 -49 -49 -50 -50 -48 -48 -49 -50 -55 -61 -59 -58 -58 -59 -59 -58 -59 -59 -59 -59 -59 -59 -59 -59 -58 -58 -58 -59 -58 -58 -58 -59 -59 -58 -58 -60 -53 -48 -49 -59 -60 -60 -59 -60 -59 -60 -60 -60 -60 -60
-51 -50 -52 -52 -52 -52 -51 -42 -39 -38 -39 -38 -39 -39 -40 -49 -52 -50 -43 -42 -40 -40 -40 -41 -41 -41 -41 -42 -42 -42 -42 -42 -42 -43 -50 -53 -52 -52 -52 -45 -45 -45 -44 -43 -41 -41 -43 -43 -42 -43 -43 -43 -44 -44 -44 -43 -43 -43 -44 -46 -53 -53 -52 -52 -52 -52 -52 -52 -52 -52 -52 -53 -53 -53 -53 -53 -53 -52 -53 -53 -53 -53 -53 -53 -54 -54 -51 -44 -43 -51 -55 -54 -54 -54 -54 -55 -53 -53 -53 -53 -53
-46 -45 -45 -45 -45 -45 -47 -41 -35 -35 -35 -34 -34 -35 -35 -38 -46 -46 -42 -37 -36 -36 -36 -36 -36 -36 -36 -37 -36 -37 -37 -37 -38 -39 -43 -48 -47 -47 -47 -41 -40 -40 -40 -39 -37 -37 -38 -39 -38 -38 -39 -39 -40 -40 -40 -39 -39 -39 -39 -40 -47 -48 -47 -47 -47 -47 -47 -47 -47 -47 -47 -47 -47 -47 -47 -48 -47 -47 -47 -48 -48 -48 -48 -48 -49 -48 -40 -39 -41 -47 -48 -47 -47 -47 -47 -48 -47 -48 -48 -48 -48
-40 -40 -40 -40 -40 -39 -40 -38 -31 -29 -29 -30 -29 -31 -31 -32 -36 -40 -39 -33 -32 -32 -32 -32 -32 -32 -32 -32 -32 -33 -32 -33 -33 -33 -35 -41 -40 -40 -40 -35 -35 -35 -36 -35 -34 -33 -34 -35 -34 -34 -34 -35 -35 -35 -35 -34 -34 -35 -35 -35 -39 -43 -42 -42 -42 -42 -42 -42 -41 -42 -42 -42 -42 -42 -42 -42 -41 -41 -41 -41 -41 -41 -41 -41 -42 -37 -33 -33 -40 -42 -42 -42 -42 -42 -42 -42 -42 -42 -42 -42 -42
-35 -34 -34 -34 -34 -34 -34 -34 -28 -26 -26 -26 -26 -26 -26 -26 -27 -32 -33 -29 -28 -28 -28 -27 -27 -28 -28 -28 -28 -28 -28 -28 -28 -29 -30 -36 -35 -35 -35 -30 -30 -30 -30 -30 -29 -28 -28 -29 -29 -29 -29 -29 -30 -30 -30 -29 -29 -29 -29 -29 -31 -36 -36 -35 -35 -35 -35 -35 -35 -35 -35 -35 -35 -36 -36 -35 -36 -36 -36 -36 -36 -36 -36 -36 -35 -29 -29 -31 -36 -37 -36 -36 -36 -36 -36 -37 -36 -35 -35 -35 -35
-29 -29 -29 -29 -29 -29 -29 -29 -26 -22 -22 -22 -22 -21 -22 -22 -22 -23 -28 -26 -23 -22 -22 -22 -22 -22 -22 -23 -23 -24 -24 -24 -24 -24 -25 -30 -30 -29 -29 -26 -26 -26 -25 -25 -25 -24 -24 -25 -25 -24 -24 -25 -25 -25 -25 -24 -24 -25 -25 -25 -25 -30 -30 -30 -30 -30 -30 -30 -30 -30 -30 -30 -30 -30 -30 -30 -30 -30 -30 -30 -30 -30 -31 -31 -26 -24 -24 -29 -31 -29 -29 -29 -29 -29 -29 -30 -30 -30 -30 -30 -30
-22 -22 -22 -22 -22 -22 -22 -24 -22 -19 -18 -18 -18 -18 -18 -18 -18 -18 -20 -21 -19 -18 -18 -18 -18 -18 -18 -18 -18 -19 -19 -19 -19 -19 -19 -23 -24 -23 -23 -20 -20 -20 -20 -21 -21 -20 -20 -20 -20 -20 -20 -20 -21 -21 -21 -20 -20 -20 -20 -20 -21 -23 -25 -25 -24 -24 -25 -24 -25 -25 -25 -25 -25 -25 -25 -25 -23 -23 -23 -24 -24 -24 -24 -22 -19 -19 -19 -24 -24 -24 -24 -24 -24 -24 -24 -24 -24 -24 -24 -24 -24
-17 -17 -17 -17 -17 -17 -17 -17 -17 -14 -13 -13 -13 -13 -13 -13 -13 -14 -14 -16 -15 -14 -14 -14 -14 -14 -14 -14 -14 -14 -14 -14 -15 -15 -15 -17 -18 -18 -18 -16 -15 -15 -15 -15 -15 -15 -14 -15 -15 -15 -15 -15 -15 -15 -15 -15 -15 -15 -15 -15 -15 -16 -18 -18 -18 -18 -18 -18 -18 -18 -18 -18 -18 -18 -18 -18 -18 -18 -18 -18 -18 -18 -18 -15 -15 -15 -16 -19 -19 -18 -18 -18 -18 -18 -19 -18 -18 -19 -19 -19 -19
-11 -11 -11 -11 -11 -11 -11 -11 -11 -10 -9 -9 -9 -9 -9 -9 -9 -9 -9 -9 -9 -9 -9 -9 -9 -9 -9 -10 -10 -10 -10 -10 -10 -10 -10 -12 -13 -12 -12 -11 -11 -11 -11 -11 -11 -10 -10 -10 -10 -10 -10 -10 -11 -11 -11 -10 -10 -10 -10 -10 -11 -11 -13 -13 -13 -13 -13 -13 -13 -13 -13 -13 -13 -13 -13 -13 -13 -13 -13 -13 -13 -13 -11 -10 -10 -10 -12 -13 -12 -11 -12 -11 -12 -12 -12 -12 -12 -12 -12 -12 -12
-6 -6 -6 -6 -6 -6 -6 -6 -6 -6 -5 -5 -5 -5 -5 -5 -5 -5 -5 -5 -5 -5 -5 -5 -5 -5 -5 -5 -5 -5 -5 -5 -5 -5 -5 -5 -6 -6 -6 -5 -5 -5 -5 -5 -5 -5 -6 -6 -6 -6 -6 -6 -6 -6 -6 -6 -6 -6 -6 -6 -6 -6 -7 -7 -7 -7 -7 -7 -7 -7 -6 -6 -6 -6 -6 -6 -6 -6 -6 -6 -6 -6 -5 -5 -5 -5 -6 -6 -6 -6 -6 -6 -6 -6 -6 -6 -6 -6 -6 -6 -6
1 1 1 1 1 1 1 1 1 0 0 0 0 0 0 0 0 0 0 0 0 0 0 0 0 0 0 0 0 0 0 0 0 0 0 0 0 0 0 0 0 0 0 0 0 0 0 0 0 0 0 0 0 0 0 0 0 0 0 0 0 0 0 0 0 0 0 0 0 0 0 0 0 0 0 0 0 0 0 0 0 0 0 0 0 0 0 0 0 0 0 0 0 0 0 0 0 0 0 0 0
6 6 6 6 6 6 6 6 6 6 6 5 5 5 5 5 5 5 5 5 5 5 5 5 5 5 4 4 4 4 4 4 4 4 4 4 5 5 5 4 4 4 4 4 4 4 4 4 4 4 4 4 4 4 4 4 4 4 4 4 4 4 4 5 5 5 5 5 5 5 5 5 5 5 5 5 5 5 5 5 4 4 4 4 4 5 5 6 6 6 6 6 6 6 6 6 6 6 7 6 7
12 12 12 12 12 12 12 12 12 12 12 10 9 9 9 9 9 9 9 9 9 9 9 9 9 9 9 9 9 9 9 9 9 9 9 10 11 12 11 11 10 10 10 10 10 10 9 9 9 9 10 9 10 10 9 8 8 8 8 8 8 8 9 10 10 10 10 10 10 12 12 12 12 12 12 12 12 12 12 12 10 9 9 9 10 12 12 12 12 12 12 12 12 12 12 12 12 12 12 12 12
17 17 17 17 17 17 17 17 17 17 17 17 14 13 13 13 13 13 13 13 13 13 13 13 13 13 13 13 13 13 13 14 14 14 14 14 16 17 17 16 14 14 14 14 14 14 14 14 13 13 15 13 14 14 14 14 14 14 14 14 14 14 14 16 17 17 17 17 17 17 17 17 17 17 17 17 17 17 18 15 14 14 14 14 15 18 18 18 17 18 17 18 18 18 18 18 18 18 18 18 18
24 24 24 24 24 24 24 24 24 24 24 24 20 18 18 18 18 18 18 18 18 18 18 18 18 18 18 17 18 17 18 18 18 18 18 18 20 22 22 21 19 19 19 19 19 19 19 18 18 17 20 18 18 19 19 19 18 18 18 18 19 19 19 20 23 23 22 22 22 23 22 22 23 22 23 23 23 23 22 19 18 18 18 18 22 25 25 24 24 25 25 25 25 25 25 25 25 25 25 25 25
30 30 30 30 30 30 30 29 29 29 29 29 28 23 22 22 22 22 22 22 22 22 22 22 22 22 23 22 23 23 23 23 23 23 24 24 25 28 29 28 25 25 25 25 25 24 24 24 23 23 25 24 24 24 24 24 23 22 22 23 23 23 23 24 28 28 28 28 29 29 29 29 30 29 30 30 30 30 27 24 23 23 23 25 30 30 30 30 30 30 30 30 30 30 30 30 30 30 30 30 30
35 35 35 35 35 35 35 35 35 35 35 35 35 30 27 27 26 26 26 26 26 26 26 26 26 26 27 27 27 27 27 27 28 28 28 28 29 32 35 34 29 29 29 29 29 29 29 28 27 27 28 29 28 29 29 29 29 28 28 28 28 29 29 30 35 35 35 35 35 35 35 35 35 35 35 35 35 35 29 28 28 28 29 33 36 36 36 35 36 35 36 36 35 36 36 36 36 36 36 36 36
42 42 43 42 42 42 42 42 42 41 42 42 42 40 33 32 32 32 31 31 31 31 32 32 31 31 32 32 32 32 32 33 33 33 33 34 35 36 41 40 35 35 35 35 35 35 34 34 33 32 34 35 33 33 33 34 33 33 32 32 33 33 33 34 41 40 40 40 40 40 40 40 41 42 42 42 43 39 34 33 33 33 38 43 43 42 42 42 42 43 42 43 43 43 43 43 43 43 43 43 43
48 48 48 48 48 48 48 48 48 47 47 47 47 47 42 37 36 36 36 35 35 35 36 36 36 35 36 36 36 36 37 37 37 37 38 38 39 40 45 46 40 39 40 40 40 39 39 39 37 36 37 39 38 38 39 39 39 39 38 38 37 38 38 39 46 47 47 47 47 47 47 47 47 47 47 48 48 40 38 37 37 41 47 49 48 48 48 48 48 48 48 49 48 48 48 49 49 49 49 49 49
54 54 54 53 53 53 53 53 53 53 52 53 52 53 52 44 41 41 40 40 40 40 40 40 40 39 40 40 40 40 41 41 41 42 42 42 43 44 47 51 45 44 44 44 44 44 44 43 42 40 41 43 43 42 43 44 44 43 42 42 43 43 44 44 53 53 52 52 53 53 52 53 53 53 53 54 52 44 42 42 42 51 54 53 53 54 53 54 54 54 54 54 54 55 54 54 54 54 55 54 55
59 59 59 59 59 58 59 59 58 58 58 58 58 58 58 56 46 46 45 45 44 45 45 45 45 45 44 45 45 46 46 47 47 47 48 48 49 50 51 57 53 50 50 50 50 49 49 48 47 46 47 49 48 48 49 49 49 48 46 47 47 48 48 49 58 59 59 60 60 59 60 60 60 60 61 61 56 48 47 47 52 61 61 61 61 61 61 61 61 61 61 62 61 61 61 62 62 62 62 62 62
66 66 66 66 66 66 65 66 65 66 65 65 65 65 65 65 60 51 50 50 49 49 49 49 49 49 48 49 49 50 50 51 51 52 52 52 53 54 55 61 59 54 55 55 54 54 54 53 52 50 51 52 53 52 53 54 53 52 52 52 53 53 54 54 63 66 65 66 65 65 65 65 66 65 66 66 56 52 51 52 64 67 67 66 67 66 67 67 67 67 67 67 67 67 67 67 68 68 67 67 67
72 72 71 71 72 71 72 72 71 71 71 71 70 71 71 71 70 60 54 54 53 53 54 54 53 54 54 53 53 54 54 55 55 55 56 57 57 59 60 63 64 59 59 59 59 59 58 58 56 54 55 57 58 56 56 57 57 56 56 57 57 57 58 58 64 71 71 72 72 72 72 73 72 72 73 72 59 56 56 61 72 73 72 71 72 73 72 72 73 72 73 73 73 73 73 73 73 73 73 73 74
78 78 78 77 77 77 77 77 77 77 77 76 76 77 76 76 77 74 62 59 59 59 59 58 59 59 59 58 58 59 59 60 61 61 62 62 63 64 66 66 69 64 65 65 65 65 64 64 62 60 60 62 64 62 61 63 63 62 62 62 63 63 64 64 66 77 78 77 77 78 77 77 77 78 79 73 62 61 62 74 80 80 79 79 79 79 79 79 79 79 80 80 80 80 80 80 80 80 80 81 80
85 84 84 84 85 84 84 84 84 84 85 83 84 83 83 83 84 83 78 64 63 63 62 63 63 63 63 63 62 62 63 64 65 65 66 66 67 68 70 70 74 68 70 70 69 69 69 68 67 64 64 66 68 66 66 66 66 66 66 66 67 69 69 70 71 81 84 83 82 82 83 83 83 84 85 71 66 66 70 84 86 85 85 85 84 85 85 85 86 85 86 86 86 86 87 86 86 86 86 86 86
90 90 91 90 90 89 90 90 90 90 90 89 89 89 88 89 89 89 88 80 68 67 67 66 67 67 68 68 66 67 67 68 68 70 70 72 73 74 76 76 78 76 75 76 75 75 75 74 73 70 69 72 74 73 71 72 72 72 71 72 72 73 74 75 75 81 91 90 91 90 90 90 90 92 90 74 71 71 83 93 93 91 91 92 92 92 92 92 91 91 91 92 92 92 91 92 92 92 92 93 92
96 96 96 96 95 96 96 96 96 96 96 95 95 95 94 94 94 94 95 94 80 73 72 73 72 72 73 73 72 71 71 73 73 74 76 76 76 78 79 81 81 83 79 80 80 80 79 78 77 74 74 76 79 77 74 72 76 76 75 77 76 78 79 80 81 82 97 97 96 98 96 96 96 97 93 77 75 77 95 99 98 97 97 97 98 98 98 98 98 99 99 98 99 99 99 99 99 100 99 99 100
102 102 102 102 101 102 102 102 103 102 102 102 101 102 102 102 100 101 102 102 97 79 77 76 77 77 77 78 77 76 75 76 77 78 80 80 81 82 84 86 85 88 83 85 85 84 84 83 82 79 78 80 83 81 75 74 77 81 81 82 82 82 83 85 86 86 102 104 103 103 102 102 103 103 94 81 80 90 103 104 104 104 103 103 103 104 104 104 104 104 104 104 104 105 105 105 105 105 105 105 105
109 109 108 108 109 108 108 108 108 108 108 108 108 108 108 108 107 107 107 108 106 96 82 81 81 80 82 82 82 82 80 81 82 83 84 85 87 87 89 91 91 93 88 90 90 90 90 89 88 84 83 85 88 83 77 76 78 82 85 86 86 87 88 90 91 91 107 109 107 108 107 109 110 109 93 85 86 106 112 110 110 110 110 109 110 111 111 111 111 111 111 112 110 110 110 111 111 111 111 112 111
115 115 115 114 114 114 114 114 114 114 114 113 114 113 113 113 113 113 113 113 114 111 95 86 86 86 86 86 87 87 87 84 85 86 88 89 91 92 93 95 96 96 95 94 95 94 94 93 92 89 88 88 89 84 81 80 81 83 89 91 92 92 94 95 97 96 112 116 115 114 113 114 116 112 93 90 97 115 117 115 116 116 116 116 116 116 117 116 116 117 117 118 118 118 118 118 117 118 119 118 119
121 121 120 120 121 120 119 120 120 121 120 121 120 121 120 120 120 120 119 119 119 120 113 92 90 91 90 91 91 92 92 92 89 90 92 93 94 96 97 98 102 101 103 100 101 100 100 99 98 95 92 94 92 87 86 85 86 87 91 95 97 97 98 100 101 101 119 121 120 120 120 122 122 110 96 96 113 124 123 123 122 122 122 123 122 123 123 122 123 123 123 123 123 123 124 123 124 124 124 124 124
128 128 128 128 127 127 126 126 126 126 127 126 126 125 125 126 126 126 125 126 125 125 123 107 95 96 95 96 97 97 98 99 97 94 96 97 100 101 102 104 106 106 107 103 106 106 105 104 103 99 97 99 94 92 91 89 89 90 93 99 101 101 102 105 106 106 124 127 125 126 126 128 123 103 99 103 125 130 129 129 128 129 129 130 130 130 130 130 130 130 130 130 130 132 131 129 131 129 130 130 130
133 134 133 133 133 133 133 133 133 133 132 132 133 133 133 133 132 131 130 132 133 133 132 123 102 101 100 100 100 102 102 103 105 101 99 101 103 105 106 108 110 110 110 107 109 110 109 109 107 104 102 102 98 96 95 93 94 95 96 102 106 108 109 110 111 112 131 134 133 132 133 133 115 105 104 117 135 136 135 135 135 135 135 136 136 137 137 136 136 137 136 137 137 137 137 137 138 137 137 138 137
139 139 140 138 139 139 138 139 139 139 138 138 140 139 139 139 138 139 139 139 137 138 138 134 113 105 104 104 104 105 106 107 109 111 106 103 106 110 111 112 115 116 115 112 115 116 115 115 113 110 107 108 102 101 100 99 98 98 99 103 110 112 113 114 116 116 136 140 139 139 141 136 113 108 110 134 144 143 141 142 142 142 143 142 141 141 142 142 142 141 143 142 143 142 144 142 143 143 144 143 143
145 145 145 146 146 146 146 146 146 146 146 146 145 146 145 145 145 145 145 144 144 144 145 143 130 109 110 110 110 110 111 112 114 117 117 111 110 112 116 117 118 120 121 118 120 121 120 119 119 115 111 111 107 106 104 103 103 103 104 106 114 117 117 119 121 120 140 146 145 146 147 134 115 113 121 146 149 148 148 148 149 147 148 149 148 149 147 149 149 148 149 150 150 150 149 150 148 149 148 148 149
152 153 153 152 151 152 152 152 153 152 152 150 151 151 151 151 150 150 150 150 150 151 151 152 146 120 115 114 114 115 115 117 117 121 123 121 117 115 119 121 122 124 126 123 123 125 125 124 123 120 116 116 111 110 109 108 108 109 108 111 117 122 122 125 126 126 147 153 153 152 151 130 119 117 136 154 154 153 153 153 156 155 154 154 153 155 155 154 155 154 155 156 156 155 156 157 157 156 157 157 156
158 158 158 158 158 157 156 157 156 157 157 157 157 155 157 157 157 157 157 158 157 157 156 158 154 136 119 118 119 119 119 120 121 123 128 128 128 122 122 126 128 129 131 130 128 130 130 130 129 126 122 122 118 115 114 112 112 113 112 115 119 126 127 129 130 131 154 159 158 160 153 129 123 125 152 161 160 159 161 161 161 160 161 161 162 161 160 161 160 160 161 162 162 162 162 163 162 162 162 164 162
165 164 164 163 163 163 164 164 164 163 164 164 165 163 164 163 163 162 163 162 163 162 163 163 162 156 130 125 124 124 124 125 126 128 132 133 134 131 124 128 131 134 135 136 132 135 135 135 134 131 126 127 123 119 118 116 116 116 118 118 121 130 132 134 135 136 160 164 163 165 153 130 127 135 164 167 166 166 166 166 166 168 167 167 167 169 168 168 168 168 168 169 168 169 169 168 167 168 168 168 168
172 172 172 171 171 171 171 170 170 171 171 170 170 170 170 170 169 169 168 169 170 169 168 169 170 166 149 129 129 128 129 130 129 131 135 138 139 137 131 128 134 138 139 142 137 140 141 140 140 137 132 133 130 124 124 123 121 122 122 123 124 134 137 139 141 142 167 171 171 171 148 134 133 153 173 172 173 171 172 172 173 171 173 173 174 173 174 174 173 175 174 174 175 175 175 175 175 176 176 175 176
178 177 179 177 177 177 177 176 177 177 175 176 175 175 176 176 177 177 176 176 175 174 175 175 174 176 169 140 133 133 133 133 134 136 138 143 144 144 140 134 135 142 143 146 144 144 145 145 144 142 137 137 136 130 128 127 127 127 127 127 128 135 142 144 145 146 176 177 178 172 143 137 139 168 180 180 178 178 178 178 179 179 180 180 179 181 180 179 180 180 180 181 180 180 181 182 182 181 182 181 182
184 184 183 183 183 183 183 184 184 183 183 183 183 183 183 183 183 182 180 182 183 183 181 181 180 182 181 165 138 140 140 139 140 141 141 144 149 149 146 139 138 142 146 151 149 148 150 149 149 147 140 142 141 135 133 131 131 131 131 132 133 138 145 148 149 156 182 183 183 168 145 141 150 181 186 185 186 184 184 186 186 186 186 186 187 187 186 187 187 187 188 188 188 189 189 188 188 188 187 187 189
189 189 189 188 190 189 190 189 189 191 190 188 188 188 188 188 187 187 188 188 187 188 188 188 187 186 188 181 153 143 144 143 145 144 144 147 152 153 153 145 142 142 148 154 157 153 155 155 155 153 147 148 148 141 139 137 136 136 137 137 136 141 150 154 155 167 190 191 189 162 147 147 170 192 193 191 192 191 190 191 192 192 191 193 192 193 192 193 192 193 193 192 193 194 194 194 195 194 195 196 195
197 196 197 196 196 195 195 195 196 195 196 195 194 195 193 194 196 195 196 195 195 194 194 193 194 193 192 193 181 150 147 148 149 151 151 151 156 159 159 154 147 148 151 157 161 156 159 160 159 157 151 152 154 149 142 142 141 141 140 141 142 144 153 159 160 175 195 198 188 158 151 154 185 199 197 199 198 198 200 199 198 199 200 200 201 198 201 199 199 199 200 200 201 200 200 201 200 199 201 201 201
203 201 203 203 201 201 201 202 202 200 200 202 202 201 202 201 201 202 201 201 201 201 200 199 199 199 201 200 197 178 155 153 154 154 155 156 157 163 164 161 153 151 154 158 165 162 162 164 164 162 156 157 159 154 147 145 145 145 145 145 146 149 155 162 164 186 201 201 183 158 154 162 198 204 203 205 204 205 203 205 205 206 205 205 206 206 205 206 207 206 207 207 206 208 207 205 207 207 207 207 208
208 208 207 208 208 208 206 209 209 209 208 209 208 208 208 207 207 208 206 207 208 206 208 206 208 206 206 205 205 198 163 158 157 158 158 160 161 165 169 168 160 156 159 162 168 169 166 170 169 168 162 163 164 161 153 151 150 149 150 150 151 152 157 167 170 195 209 207 177 161 159 177 209 212 212 212 211 211 212 210 211 211 211 211 212 213 211 212 213 214 213 213 213 214 214 213 214 213 214 213 215
215 214 214 216 214 216 216 215 215 214 214 215 214 214 213 214 214 214 215 215 214 213 213 212 214 213 211 212 211 210 191 163 162 163 164 165 167 169 172 173 169 161 162 164 169 173 168 174 174 172 167 167 170 168 158 155 155 153 155 155 156 156 160 170 173 202 215 206 173 165 165 196 218 217 215 216 217 217 217 219 218 220 219 218 218 219 219 219 219 218 219 218 218 221 219 220 219 219 220 221 222
221 221 221 219 221 221 220 220 222 220 221 219 220 221 221 221 220 220 221 221 220 219 220 220 219 218 218 219 218 220 213 176 167 167 168 170 171 171 176 178 176 166 167 169 170 175 172 178 179 177 171 171 174 172 163 160 159 159 159 159 160 160 164 173 177 210 221 204 174 168 175 213 224 222 222 223 223 222 224 225 224 225 224 224 225 227 224 225 224 227 226 226 226 228 224 227 225 226 226 226 226
227 226 227 229 228 226 226 227 229 228 228 229 228 227 227 228 228 227 226 226 227 225 225 225 225 225 226 224 225 225 225 208 172 172 173 173 173 175 179 181 181 173 170 174 174 178 179 181 185 183 179 178 181 178 170 167 165 164 165 166 165 167 167 177 186 223 227 198 177 174 190 226 230 231 231 231 231 231 230 230 230 232 231 231 231 231 233 230 231 231 232 233 233 234 233 233 233 234 234 235 233
234 233 234 234 233 232 234 235 234 234 235 234 232 232 234 233 233 231 235 233 232 232 233 234 233 231 231 230 233 230 232 226 191 177 176 179 180 180 181 186 187 182 174 177 179 179 177 183 189 187 183 182 185 184 175 170 169 168 169 170 169 171 173 179 200 229 225 192 180 179 210 235 236 236 237 235 236 237 236 238 237 238 237 238 239 239 238 237 238 237 238 238 238 238 237 238 239 240 240 239 239
240 239 241 242 241 241 240 240 240 240 239 240 239 238 240 239 239 240 240 241 240 239 238 238 239 239 238 237 237 234 238 238 222 184 183 184 184 184 186 188 193 188 180 181 184 183 182 182 192 192 188 186 190 189 180 175 174 174 174 174 173 175 175 183 213 236 222 189 184 188 227 241 242 242 242 244 242 243 242 244 244 245 245 245 244 244 246 245 246 246 245 245 246 244 244 244 245 246 246 246 246
246 247 247 247 247 245 246 246 248 247 246 246 248 247 246 245 245 246 247 246 245 244 244 246 245 246 245 245 244 243 243 243 238 206 188 187 188 188 190 192 194 195 183 183 188 188 187 184 195 197 192 193 195 195 185 180 179 179 178 180 180 180 179 187 228 239 214 192 187 204 242 250 247 249 250 250 248 249 249 250 250 250 250 249 250 251 250 251 251 252 253 252 252 253 251 253 253 253 252 252 254
254 251 254 253 252 253 251 251 251 253 252 254 253 253 252 251 252 253 252 253 249 251 253 251 252 253 252 253 252 250 249 248 248 234 192 191 192 194 194 195 198 200 193 188 189 191 191 192 199 201 199 196 198 198 191 185 185 184 183 184 184 185 185 190 234 237 204 195 192 226 252 254 253 253 255 255 256 254 256 257 257 256 257 258 256 257 256 256 258 258 258 256 257 259 258 258 258 259 260 260 259
257 258 258 257 258 258 258 259 257 259 259 258 258 259 260 258 259 258 255 259 259 258 260 258 258 258 257 257 258 258 256 256 256 250 222 196 196 198 198 200 201 205 201 190 191 191 191 192 195 199 198 199 198 199 196 190 188 186 188 187 189 191 189 192 230 225 201 198 202 243 259 260 261 260 262 261 263 261 261 261 263 263 264 265 264 265 264 265 265 263 265 266 265 265 265 263 265 265 266 267 264
264 266 264 265 265 266 266 264 264 265 263 264 264 263 265 263 266 266 265 264 264 264 265 264 265 264 264 263 265 263 263 263 263 261 252 205 202 202 203 203 206 207 207 196 197 199 196 195 195 195 196 197 199 202 200 195 194 194 194 194 193 192 195 194 217 212 207 202 214 252 266 264 267 266 267 267 267 267 269 269 268 268 270 269 271 270 268 270 270 271 271 271 273 273 271 269 271 271 270 272 271
272 271 272 272 272 271 272 272 270 269 269 270 271 271 270 272 271 272 271 272 269 271 272 270 271 269 273 271 271 269 268 269 269 268 265 243 206 206 206 209 209 210 213 204 201 206 206 205 201 200 199 201 201 205 205 198 198 199 199 199 198 198 198 196 211 209 212 206 230 268 274 271 273 274 275 274 275 274 275 275 276 274 276 273 276 275 274 276 276 279 276 276 277 277 278 279 278 279 276 277 276
278 278 280 279 276 277 278 276 277 276 277 278 277 278 278 279 278 277 278 277 278 276 276 277 278 276 277 278 277 276 277 274 276 274 273 264 224 212 213 214 214 214 216 211 204 208 210 210 210 209 204 204 207 209 208 204 203 202 202 203 203 204 204 201 208 215 214 212 253 276 278 279 279 280 280 282 282 282 281 280 282 282 282 282 283 282 282 284 282 283 281 284 283 283 284 282 282 285 283 285 283
284 283 284 284 283 284 284 284 284 284 284 283 284 284 283 282 284 283 284 282 284 283 284 284 284 283 283 282 282 281 282 282 282 281 281 279 256 216 217 217 217 218 220 219 209 211 215 216 214 216 211 209 211 211 212 209 205 204 205 207 207 208 209 207 211 219 216 221 263 283 284 283 286 285 286 286 286 287 286 289 288 288 289 285 290 289 288 290 288 289 288 290 287 288 288 290 288 289 289 291 288
289 289 289 290 289 290 290 291 290 290 290 290 292 290 290 290 290 292 288 290 289 289 290 289 288 289 288 291 290 288 288 289 290 287 287 285 275 234 221 219 222 222 222 223 213 214 216 219 219 219 218 220 218 219 217 214 212 212 212 212 213 213 214 213 220 225 219 225 244 267 286 292 293 292 293 292 293 291 293 291 293 291 292 293 293 293 292 293 294 293 292 292 292 291 292 293 295 291 291 293 291
295 294 294 296 296 296 297 296 296 296 295 294 295 294 297 297 296 296 295 295 297 296 296 296 295 296 295 297 295 296 293 294 294 293 293 293 289 265 223 225 226 226 227 227 222 217 221 224 223 224 224 224 224 224 222 220 217 216 215 216 217 218 217 218 224 229 219 225 232 240 253 267 282 289 291 290 289 290 292 297 291 293 292 292 295 292 295 292 293 290 292 296 297 295 290 294 297 295 294 294 293
301 305 302 302 302 304 302 303 301 300 302 301 303 303 302 302 300 301 300 301 300 301 302 301 302 302 301 299 300 301 299 301 299 296 295 290 275 251 226 227 230 232 232 230 229 222 222 228 229 225 227 227 230 229 228 224 220 220 221 222 222 221 224 224 227 230 221 229 234 235 242 247 266 292 299 300 302 299 301 305 304 302 304 305 302 302 304 303 303 304 302 303 306 307 304 304 304 305 304 304 306
306 305 305 305 307 305 304 305 306 304 306 305 305 304 303 304 303 303 303 304 303 303 303 301 302 302 302 299 297 297 299 296 297 297 295 275 250 239 234 227 234 235 236 235 230 224 225 231 231 230 228 232 232 232 232 229 225 222 224 227 225 226 225 226 230 230 225 234 236 237 244 246 260 292 309 308 308 312 309 309 308 310 309 308 310 310 310 311 311 310 308 309 310 310 309 309 310 309 311 310 309
306 304 305 307 308 302 304 305 307 306 309 306 309 309 306 310 306 310 309 310 313 312 310 312 309 311 313 312 311 310 311 310 309 308 303 268 248 240 238 233 236 239 242 240 237 230 225 232 236 234 232 234 236 237 236 232 229 229 230 231 232 231 232 232 235 233 232 238 241 240 242 245 254 284 308 314 314 313 314 313 312 314 316 317 315 315 314 312 314 313 313 316 315 317 316 315 314 315 316 315 316
315 313 316 314 316 316 315 314 316 315 317 315 317 315 315 315 314 317 315 317 317 317 317 316 317 317 315 316 314 315 316 315 313 313 303 263 248 244 239 237 230 241 244 246 243 233 228 234 240 239 237 237 239 239 238 237 232 231 233 235 235 235 236 236 237 234 237 243 242 243 246 248 259 286 318 319 320 318 318 319 321 319 319 319 321 317 321 321 320 320 321 318 321 322 322 322 319 320 319 320 320
318 319 318 318 320 321 320 322 321 321 321 321 321 321 318 320 321 322 322 323 320 320 321 320 321 321 322 322 323 320 320 318 318 319 307 265 249 242 241 242 238 244 251 250 249 241 234 234 243 244 242 238 239 241 243 238 236 236 237 239 239 241 238 239 239 238 242 245 247 248 249 251 265 298 322 323 322 325 322 326 324 327 322 324 323 326 325 324 326 325 325 324 324 324 328 326 326 326 323 326 325
325 325 324 326 327 328 327 325 328 326 325 327 325 326 325 327 326 326 325 326 326 325 326 326 327 326 327 326 326 326 323 324 325 324 316 270 251 248 244 244 244 238 252 255 254 249 236 235 244 247 245 243 244 244 244 242 239 240 243 246 243 243 244 241 241 239 245 249 247 249 251 256 271 316 329 328 330 327 328 329 333 331 330 331 330 329 328 329 329 329 328 331 331 331 330 331 330 330 329 331 329
330 330 330 330 331 332 330 331 329 329 330 330 330 333 330 332 330 331 329 332 328 331 331 329 329 333 332 330 330 328 330 329 329 329 324 293 259 251 249 246 246 244 248 259 257 257 244 241 246 254 251 249 251 245 248 247 245 242 247 248 250 248 247 247 246 243 250 252 253 251 252 259 298 329 330 330 331 332 334 335 330 335 335 336 333 336 334 332 334 334 331 333 335 335 332 332 335 336 333 332 335
335 334 336 335 334 334 337 335 335 333 336 337 336 334 337 336 335 335 334 336 337 336 336 337 337 335 335 334 335 332 333 333 334 334 331 318 273 252 247 246 250 251 245 258 262 260 248 244 249 255 256 255 256 249 251 250 249 246 249 254 254 254 253 248 247 247 251 250 252 248 253 285 332 334 335 339 335 337 336 337 337 339 336 338 339 337 337 342 340 337 340 339 339 337 337 338 340 338 338 336 337
339 339 339 340 339 336 339 340 342 341 339 340 340 338 340 341 339 338 342 343 338 340 338 339 342 338 342 338 337 338 340 341 338 339 332 338 314 270 250 245 245 245 244 249 263 264 254 247 248 254 260 262 260 253 252 250 251 251 251 256 256 253 247 247 249 246 242 243 247 251 268 307 343 339 337 338 341 339 337 341 341 341 341 342 340 343 342 343 342 341 344 344 344 344 340 342 342 340 340 341 344
343 344 342 342 343 344 344 344 343 342 342 344 344 344 345 343 346 346 346 342 345 345 344 343 342 345 344 344 340 344 344 342 342 337 338 338 328 294 264 252 246 244 244 244 246 247 245 248 243 249 251 259 257 250 251 247 248 245 244 245 245 244 241 242 243 241 245 249 255 264 279 319 343 346 344 344 345 345 341 345 345 346 344 344 344 345 344 348 345 345 346 349 344 347 347 345 349 347 345 345 345
346 349 348 346 347 346 347 347 348 348 348 346 350 349 348 347 347 348 348 347 349 348 348 346 343 348 345 350 349 348 345 350 345 346 342 340 335 306 274 262 257 251 247 245 246 242 245 242 243 245 243 243 244 244 248 244 242 244 243 243 241 244 245 244 248 248 251 256 264 270 290 323 346 348 345 346 342 352 345 349 347 348 352 349 347 347 348 348 348 349 349 349 351 349 353 347 351 348 349 351 350
350 352 349 347 352 353 351 353 349 351 355 348 351 351 350 351 355 350 353 352 350 350 353 350 351 349 352 349 350 349 350 350 348 345 343 343 343 319 283 270 261 260 254 250 251 246 248 249 246 245 242 247 246 246 247 246 246 245 247 247 246 247 248 249 250 258 254 260 268 276 296 333 352 347 349 350 351 348 350 349 352 353 355 354 353 352 351 353 352 356 353 354 352 351 354 350 350 350 353 352 353
355 357 357 356 355 357 354 354 356 356 358 354 355 354 354 357 356 355 357 355 353 354 354 356 357 355 355 353 352 353 353 353 348 348 347 350 347 324 295 277 269 261 258 257 256 252 251 249 251 251 250 251 251 249 249 251 250 249 251 250 249 252 253 255 257 259 260 264 268 284 302 340 351 353 353 352 353 353 353 353 352 355 355 355 355 356 355 358 357 358 356 355 356 357 352 355 354 354 355 359 356
358 357 359 358 360 357 360 359 359 357 356 358 358 359 360 357 358 357 357 358 358 358 357 358 359 359 358 360 357 357 357 353 352 352 351 352 351 338 296 278 269 267 263 259 257 258 255 258 254 254 253 252 255 254 255 255 254 257 252 257 260 257 259 259 261 264 266 269 274 287 305 345 357 355 358 355 355 355 355 357 356 359 358 357 357 362 361 362 361 362 361 360 359 360 355 357 359 360 358 359 360
361 365 361 362 361 364 360 358 359 359 364 362 360 362 361 365 362 359 361 358 361 362 362 361 359 360 360 360 358 357 356 357 356 357 356 352 358 340 308 286 276 270 267 267 263 261 259 260 256 260 258 260 258 261 258 261 257 260 259 264 262 263 263 263 266 265 269 272 280 288 318 353 359 359 359 358 362 359 359 359 360 361 361 360 365 361 363 363 362 362 363 360 361 363 363 360 362 360 360 361 361
365 366 366 366 366 364 365 365 367 364 364 365 363 364 364 366 363 361 365 364 364 362 364 365 362 362 361 362 362 360 357 358 360 358 356 355 358 351 317 293 278 278 272 270 267 267 266 265 263 262 264 263 263 263 264 261 263 266 266 264 266 265 266 266 268 270 275 280 286 297 322 358 362 363 362 362 363 362 363 364 366 362 362 364 364 365 366 362 365 364 365 366 366 364 365 366 365 364 365 366 367
369 366 368 369 370 365 363 365 369 369 369 364 368 366 368 364 367 365 364 365 366 368 367 366 364 371 365 363 364 365 364 359 361 359 356 360 362 352 327 296 286 282 278 279 273 269 269 270 268 267 266 265 267 266 267 267 266 267 268 270 269 270 270 270 273 279 279 284 288 300 327 361 367 363 366 363 367 369 367 367 366 368 368 371 367 364 370 368 366 369 368 369 368 367 367 368 368 367 366 368 369
370 370 370 369 370 370 367 368 370 369 370 370 371 369 370 370 370 369 369 368 367 369 369 369 369 367 367 366 367 368 366 364 365 363 361 363 359 362 331 305 289 285 282 278 272 277 273 274 273 270 271 271 275 269 270 271 270 271 271 273 272 274 273 276 280 278 282 288 295 304 330 371 372 366 368 370 369 370 370 369 368 369 371 369 370 372 370 372 371 371 371 368 370 371 367 369 370 371 373 371 370
371 373 370 371 371 375 369 374 371 373 368 374 374 373 373 371 370 374 368 372 372 370 372 370 372 372 368 371 367 368 368 366 362 363 362 364 360 364 334 308 301 291 286 282 281 277 277 277 272 277 275 273 273 275 275 276 273 274 275 276 277 278 280 283 280 283 285 291 298 310 340 369 368 371 370 372 370 372 373 374 373 373 374 374 372 370 375 370 374 372 374 373 374 371 369 375 372 373 372 375 372
375 374 375 374 375 374 374 375 374 375 375 376 375 372 373 375 374 375 375 372 376 374 375 372 374 372 375 370 374 368 368 370 369 366 364 362 361 368 344 316 301 291 289 286 285 286 284 282 278 279 277 279 282 280 278 277 277 277 280 281 282 283 281 284 285 290 290 292 303 314 345 372 372 369 372 373 374 374 373 376 372 377 376 376 376 375 378 374 375 377 376 373 373 372 373 373 374 375 376 374 374
378 377 376 381 375 378 377 376 375 376 376 378 373 380 377 375 376 379 373 377 376 377 377 376 375 374 373 375 370 373 369 368 367 366 369 364 367 371 353 322 306 301 293 291 290 289 285 286 284 283 283 284 284 282 280 282 284 285 284 285 283 285 289 290 290 293 293 301 304 323 355 376 374 374 373 376 372 376 376 376 377 378 377 378 380 378 381 378 375 378 378 377 379 375 375 380 378 377 377 378 377
377 379 380 376 380 379 378 378 378 380 380 380 379 381 377 384 377 378 376 377 379 373 374 375 377 378 376 377 376 377 374 372 370 364 367 367 369 372 359 329 310 305 297 293 292 295 291 289 287 285 289 285 285 285 287 285 286 289 287 287 292 290 288 289 295 296 299 303 314 328 360 376 378 379 375 378 378 376 380 379 381 379 381 380 380 380 379 382 380 379 377 377 376 379 380 376 378 379 381 379 382
382 378 380 381 382 382 380 381 379 380 382 380 379 381 378 382 378 381 380 382 381 378 379 378 381 377 380 377 374 375 374 373 374 369 371 371 372 377 369 336 319 307 302 301 298 295 292 296 293 295 294 293 289 293 291 293 292 294 289 291 294 295 291 298 298 301 301 308 313 331 366 382 378 380 380 378 378 380 379 380 380 383 380 385 383 382 383 380 383 382 382 382 379 381 380 382 380 380 379 382 381
382 383 383 383 383 385 383 383 382 382 383 382 381 384 381 384 385 380 383 383 382 381 381 381 380 380 377 381 378 379 379 372 375 376 373 373 373 374 373 342 318 314 310 302 303 301 296 298 295 297 297 294 295 294 294 295 296 296 296 298 297 299 300 299 303 307 309 312 321 334 366 381 383 377 378 382 384 382 382 381 383 382 386 385 382 385 384 383 385 384 384 385 384 383 384 383 383 385 384 383 384
385 385 385 386 385 384 382 384 385 384 385 388 385 385 385 386 383 385 385 384 385 384 386 382 383 379 382 380 381 379 377 376 374 378 376 376 375 375 373 352 328 320 312 310 305 304 302 300 298 299 297 300 301 301 301 302 300 300 301 301 304 306 305 306 307 309 313 315 327 342 377 382 382 382 383 384 381 385 379 382 386 385 385 386 386 384 385 385 388 385 387 385 386 387 388 382 385 384 387 385 384
389 387 388 387 390 386 384 385 386 384 386 385 388 385 387 386 387 390 388 386 383 385 387 384 383 382 383 379 381 379 378 376 379 375 374 378 380 376 378 356 335 322 316 312 307 309 305 305 305 306 307 304 303 303 301 306 306 304 305 305 306 308 309 309 312 316 316 323 330 350 373 384 387 383 380 385 383 384 382 382 386 387 388 388 392 388 387 387 388 387 387 387 388 386 386 386 387 389 390 386 387
390 386 391 391 388 390 390 389 386 388 390 390 389 386 386 389 389 390 388 391 387 389 388 389 384 384 381 384 381 380 381 378 382 377 380 377 379 381 382 362 337 328 322 318 314 311 308 311 307 310 309 310 309 309 306 306 308 309 312 311 309 313 312 313 315 317 321 329 331 352 365 366 381 391 386 388 388 386 387 387 389 390 392 390 390 389 394 390 392 390 390 391 390 392 390 392 387 390 389 391 390
391 393 389 392 391 390 393 392 392 390 390 391 391 391 392 392 392 390 390 390 393 387 388 388 384 386 386 384 382 381 381 381 385 380 383 378 379 380 383 368 341 332 324 322 318 316 317 315 314 316 313 311 312 311 310 313 311 312 312 314 316 314 319 319 320 322 325 330 344 353 361 354 367 382 391 388 389 386 390 391 392 390 392 389 391 391 394 390 392 392 391 390 393 394 392 393 390 391 388 392 392
390 392 389 392 394 394 389 395 393 393 393 393 392 392 390 393 391 390 390 393 393 392 389 393 387 388 388 386 383 381 384 384 381 381 381 385 383 385 377 370 351 332 330 329 326 318 320 320 319 317 317 316 316 315 316 319 316 317 320 320 320 319 321 325 323 326 328 336 346 359 361 358 356 373 388 393 391 392 387 388 392 392 393 393 394 393 392 392 395 392 397 396 395 396 394 394 396 395 392 390 394
392 393 399 392 391 397 396 393 396 395 395 393 394 395 393 397 392 392 393 393 394 396 393 389 391 387 387 385 381 385 384 387 385 383 382 382 385 380 367 367 355 339 332 326 326 327 325 320 322 318 321 322 322 323 320 319 320 320 320 321 322 326 324 329 326 329 335 337 347 357 363 360 363 368 382 395 397 393 393 391 390 393 391 393 396 394 392 396 396 393 393 398 394 397 398 391 396 392 398 391 396
398 396 398 396 397 394 396 398 396 397 396 395 396 394 396 395 392 394 393 392 396 396 393 390 390 391 388 390 388 387 383 386 385 384 382 382 379 374 361 365 358 349 342 335 334 329 329 330 323 328 323 323 322 326 327 325 325 323 325 323 328 328 331 332 332 335 338 341 349 360 365 362 362 367 380 392 395 397 395 394 394 395 394 398 396 397 398 398 398 396 399 394 395 399 396 399 395 398 395 395 397
402 396 399 396 394 397 398 401 398 400 400 401 396 395 395 396 396 397 395 396 398 396 395 393 390 393 388 386 385 390 387 387 385 384 383 386 389 371 364 368 367 350 343 335 339 336 337 331 332 329 332 330 330 330 326 331 327 329 329 330 332 335 333 336 334 339 345 348 356 367 367 364 365 369 379 392 397 395 397 395 397 397 400 395 397 397 397 396 400 399 401 398 399 400 399 399 399 401 402 402 398
401 403 400 398 397 399 401 402 398 397 397 399 396 400 400 402 398 399 397 398 399 396 395 395 395 391 389 389 387 384 393 392 388 391 385 387 385 369 365 366 366 354 344 342 341 340 337 336 337 334 332 334 332 333 333 332 332 331 331 332 334 335 336 340 343 342 347 349 360 370 370 370 365 371 384 388 397 395 398 398 398 400 402 402 402 397 402 402 399 398 402 400 401 402 403 400 407 401 399 399 401
401 399 404 401 401 402 398 400 402 400 400 400 401 398 402 400 400 398 403 400 399 396 396 394 396 394 390 389 387 390 389 390 391 391 389 388 383 366 369 364 365 365 352 346 344 343 343 342 339 338 340 335 336 336 337 339 339 339 335 337 341 341 341 340 346 347 347 357 368 372 374 372 373 375 375 387 400 397 397 399 401 398 403 402 403 402 402 400 405 403 404 402 403 403 403 403 405 402 401 405 405
401 404 405 405 403 404 399 404 404 398 401 401 407 402 404 402 403 403 402 399 400 398 397 396 397 394 392 389 392 392 392 390 392 391 391 388 385 374 367 370 372 364 354 352 354 346 344 344 342 342 343 344 343 339 343 341 344 342 342 344 345 344 342 347 349 348 357 360 369 381 376 375 372 377 376 391 400 398 398 400 404 400 402 405 403 406 403 405 398 406 406 405 404 405 408 402 405 405 407 404 408
405 404 406 400 406 402 408 406 404 405 403 403 407 400 400 401 407 401 402 400 400 400 396 398 395 394 393 395 393 394 394 391 391 388 389 389 385 374 373 371 367 364 358 355 350 351 350 346 348 345 349 345 346 348 343 349 346 346 345 344 347 348 348 350 353 355 362 368 367 373 367 377 375 378 378 399 399 398 399 400 405 403 403 405 405 403 400 405 404 408 408 406 406 404 404 409 406 410 405 410 409
410 408 403 405 404 406 404 405 405 409 405 404 405 402 404 403 408 404 404 403 402 403 397 399 397 394 396 395 391 397 393 397 395 391 389 385 385 378 370 369 376 370 365 356 355 354 358 350 351 351 350 350 349 348 349 346 349 349 352 348 347 356 349 357 352 358 364 366 372 375 378 378 367 373 389 398 400 401 399 404 404 402 404 408 405 405 406 408 406 410 406 406 410 409 408 410 408 404 410 409 409
409 412 410 408 411 407 407 407 404 408 408 410 411 407 407 408 406 405 406 401 400 400 400 397 392 393 393 394 392 396 393 390 389 391 393 387 386 382 370 369 371 365 367 365 364 360 360 352 354 353 352 354 354 355 352 350 356 351 353 355 359 355 358 358 358 366 371 376 376 375 377 370 370 380 391 393 401 402 406 404 405 404 408 407 406 409 408 408 407 408 411 411 409 410 407 408 409 414 410 410 411
413 412 411 413 413 413 407 408 408 411 407 406 405 410 411 405 409 406 407 403 401 402 399 396 400 397 397 394 396 394 392 393 395 395 387 390 382 384 377 366 360 365 370 371 368 362 365 365 362 354 359 357 355 358 353 357 357 356 360 357 357 358 364 363 368 368 374 372 371 372 368 371 379 384 390 395 406 408 405 405 404 406 406 409 406 411 408 413 410 414 413 412 411 411 410 410 411 414 415 415 412
414 411 415 412 410 409 411 414 415 412 415 410 411 410 412 409 411 410 409 405 407 400 401 403 402 398 400 400 399 397 398 395 391 393 393 391 386 382 382 377 373 369 364 363 367 366 371 363 365 362 364 362 358 361 360 362 363 363 362 360 357 367 363 366 367 365 364 367 367 366 371 381 381 386 387 393 406 407 409 405 407 405 407 402 409 410 409 415 407 412 411 415 413 414 415 413 415 415 416 417 416
417 417 420 415 416 416 416 416 418 410 411 410 411 411 416 413 411 410 407 406 407 402 401 404 396 400 398 396 397 396 398 394 396 393 395 393 387 389 382 382 377 375 369 363 364 364 365 364 361 366 363 365 360 365 362 360 360 365 363 366 368 361 366 363 364 363 366 367 372 379 378 382 384 389 389 393 403 410 409 411 408 406 409 411 407 410 413 412 414 414 416 414 416 418 417 417 416 418 416 419 417
418 420 419 416 418 416 416 418 416 418 414 412 414 415 415 416 414 410 409 406 408 403 401 400 400 402 399 397 397 398 402 401 393 394 397 393 391 388 389 386 384 380 377 375 371 367 365 364 363 366 363 363 362 365 363 360 365 362 363 363 364 360 363 364 366 370 371 379 381 379 382 381 382 388 388 396 405 410 409 410 410 412 416 412 414 410 413 413 417 417 415 415 417 419 417 414 415 421 420 423 420
419 418 422 416 416 419 423 417 418 419 420 421 415 417 414 412 415 415 413 408 408 408 402 402 400 401 401 397 400 400 400 398 398 396 394 392 394 393 389 385 385 375 379 379 378 378 378 372 371 366 368 369 369 363 364 363 363 367 367 368 367 370 372 379 372 381 378 381 384 381 386 381 389 390 394 400 411 414 410 415 415 413 415 418 413 418 418 417 417 417 420 421 421 420 421 422 422 422 415 426 423
424 420 428 421 421 421 422 422 425 418 419 418 418 418 420 417 414 411 413 406 406 403 405 405 403 400 401 402 398 398 398 396 403 401 395 400 397 395 388 386 385 387 383 381 385 378 377 380 381 376 382 374 376 372 377 377 376 384 374 382 377 381 375 379 382 382 385 389 385 381 388 389 389 392 395 402 414 418 418 414 413 415 421 417 417 416 414 418 422 424 420 423 419 425 425 420 422 427 426 423 426
425 424 428 425 425 426 423 423 426 423 424 421 422 420 423 423 415 417 413 410 406 409 407 409 404 403 406 402 403 404 401 402 401 403 397 396 397 398 394 390 389 388 388 388 383 384 385 381 381 384 385 385 392 386 378 381 381 385 383 385 380 379 382 383 383 384 381 389 385 388 386 390 392 396 402 413 420 417 420 416 418 413 418 418 418 418 419 418 420 425 422 423 426 424 423 425 426 429 426 426 426
429 427 432 428 430 432 426 426 427 424 426 423 423 423 423 418 417 415 415 413 410 408 408 406 405 400 405 406 407 401 404 402 404 403 402 401 405 399 392 397 386 390 383 384 388 389 385 387 377 385 380 383 385 385 386 388 384 384 385 386 381 381 383 386 384 386 387 391 386 393 392 399 395 400 409 416 426 426 426 421 422 422 419 421 422 421 423 421 423 423 424 425 426 429 429 433 428 431 426 432 431
