1366 1365 1365 1365 1364 1364 1364 1364 1363 1363 1363 1362 1363 1361 1362 1361 1362 1361 1361 1361 1361 1362 1360 1361 1361 1361 1361 1360 1360 1361 1361 1361 1362 1361 1361 1362 1361 1362 1362 1361 1363 1362 1362 1362 1362 1363 1363 1363 1363 1364 1363 1363 1363 1364 1364 1364 1364 1365 1365 1366 1365 1366 1366 1367 1367 1367 1368 1368 1369 1368 1369 1369 1370 1370 1371 1371 1371 1371 1372 1373 1373 1373 1374 1374 1375 1376 1377 1376 1379 1378 1379 1380 1381 1382 1381 1384 1383 1383 1385 1384 1385
1366 1366 1366 1365 1364 1365 1364 1364 1364 1363 1363 1363 1362 1362 1362 1361 1361 1362 1362 1361 1361 1362 1361 1361 1360 1361 1360 1361 1360 1361 1361 1361 1361 1361 1361 1361 1362 1362 1361 1362 1362 1363 1362 1362 1363 1362 1363 1363 1362 1363 1363 1364 1363 1364 1364 1365 1364 1365 1365 1366 1365 1366 1367 1367 1367 1367 1368 1368 1369 1369 1369 1369 1370 1370 1371 1371 1370 1371 1372 1373 1373 1374 1375 1375 1376 1376 1377 1377 1378 1378 1379 1380 1381 1382 1383 1384 1383 1384 1384 1386 1385
1366 1366 1366 1365 1365 1365 1365 1363 1363 1363 1363 1362 1362 1362 1361 1362 1362 1362 1361 1361 1361 1361 1360 1361 1360 1361 1360 1360 1361 1361 1361 1360 1360 1361 1361 1361 1361 1362 1360 1362 1361 1361 1362 1362 1361 1361 1362 1362 1363 1362 1363 1363 1363 1364 1364 1364 1364 1365 1365 1366 1365 1366 1366 1367 1367 1366 1367 1368 1368 1368 1369 1369 1370 1370 1371 1371 1371 1371 1372 1373 1373 1374 1374 1374 1375 1376 1377 1377 1378 1379 1380 1379 1380 1381 1383 1383 1383 1384 1385 1386 1387
1367 1366 1366 1365 1365 1365 1365 1363 1363 1363 1363 1362 1362 1361 1361 1361 1361 1361 1361 1361 1361 1361 1361 1360 1361 1361 1361 1360 1360 1360 1361 1360 1360 1361 1361 1361 1361 1360 1361 1361 1360 1361 1361 1361 1361 1362 1363 1363 1363 1362 1363 1362 1363 1364 1363 1364 1365 1365 1366 1366 1366 1366 1366 1366 1367 1366 1367 1367 1368 1368 1369 1369 1370 1370 1370 1371 1371 1372 1372 1372 1373 1373 1374 1374 1375 1376 1377 1378 1378 1379 1379 1382 1382 1382 1382 1384 1384 1385 1387 1386 1386
1366 1366 1366 1365 1365 1365 1364 1364 1363 1363 1363 1362 1363 1362 1362 1362 1361 1361 1361 1361 1361 1360 1361 1360 1360 1361 1360 1360 1361 1360 1360 1361 1361 1360 1362 1361 1361 1361 1361 1361 1360 1360 1361 1361 1360 1361 1361 1362 1362 1362 1363 1363 1362 1361 1364 1364 1364 1364 1365 1365 1366 1366 1366 1366 1366 1367 1367 1367 1368 1368 1369 1369 1370 1370 1370 1371 1371 1371 1372 1373 1373 1374 1374 1375 1376 1376 1377 1377 1379 1378 1380 1380 1382 1382 1383 1384 1385 1385 1386 1388 1385
1367 1366 1365 1366 1365 1365 1365 1364 1364 1363 1363 1363 1362 1361 1362 1362 1361 1362 1361 1361 1361 1361 1361 1361 1361 1360 1360 1360 1360 1361 1360 1360 1361 1361 1361 1360 1360 1360 1360 1362 1361 1360 1360 1361 1362 1361 1361 1362 1361 1362 1362 1363 1362 1363 1363 1364 1364 1364 1365 1365 1364 1365 1365 1365 1366 1367 1367 1368 1368 1368 1369 1369 1370 1369 1370 1371 1371 1371 1371 1372 1373 1373 1374 1375 1376 1375 1378 1377 1378 1379 1380 1382 1383 1383 1383 1386 1386 1386 1386 1387 1388
1367 1366 1366 1365 1365 1365 1365 1364 1363 1363 1363 1363 1362 1362 1362 1362 1361 1362 1361 1361 1361 1361 1361 1360 1360 1360 1360 1360 1359 1360 1359 1360 1361 1359 1359 1360 1360 1360 1360 1360 1359 1360 1361 1360 1360 1359 1361 1361 1361 1361 1362 1362 1363 1362 1364 1364 1364 1365 1366 1365 1365 1365 1366 1366 1366 1366 1367 1368 1368 1368 1369 1369 1370 1370 1370 1370 1371 1371 1372 1373 1374 1374 1374 1375 1376 1378 1378 1379 1378 1380 1381 1381 1381 1381 1382 1386 1384 1387 1388 1388 1389
1367 1366 1366 1366 1365 1365 1364 1364 1363 1364 1363 1362 1362 1362 1361 1362 1361 1361 1361 1361 1361 1360 1360 1360 1360 1359 1360 1359 1360 1359 1359 1359 1359 1359 1359 1359 1359 1360 1360 1361 1360 1360 1360 1360 1361 1359 1359 1361 1361 1360 1362 1362 1362 1362 1363 1363 1363 1364 1365 1364 1364 1365 1366 1366 1366 1367 1368 1368 1368 1369 1369 1369 1370 1370 1370 1371 1371 1372 1372 1373 1373 1374 1373 1375 1376 1376 1377 1377 1378 1380 1381 1381 1381 1384 1385 1383 1386 1386 1387 1389 1387
1367 1367 1366 1365 1365 1365 1364 1364 1364 1363 1363 1362 1362 1361 1361 1361 1362 1361 1361 1361 1361 1360 1360 1360 1359 1359 1360 1359 1359 1359 1359 1359 1359 1358 1359 1359 1360 1360 1360 1358 1360 1360 1360 1360 1360 1360 1359 1360 1361 1361 1363 1362 1361 1361 1362 1363 1363 1363 1364 1365 1365 1365 1365 1366 1366 1366 1367 1367 1367 1368 1369 1369 1370 1370 1370 1371 1371 1371 1372 1372 1373 1373 1374 1374 1376 1376 1378 1379 1379 1380 1379 1382 1382 1383 1386 1385 1387 1387 1387 1389 1390
1367 1367 1367 1366 1365 1365 1364 1364 1363 1363 1363 1362 1362 1361 1362 1362 1361 1361 1361 1361 1361 1360 1360 1360 1359 1359 1360 1359 1359 1359 1359 1358 1359 1359 1359 1359 1359 1358 1359 1359 1359 1359 1358 1361 1360 1357 1358 1359 1359 1361 1361 1362 1362 1362 1362 1362 1364 1363 1364 1365 1364 1365 1364 1366 1367 1366 1368 1368 1367 1368 1369 1369 1370 1370 1370 1370 1370 1371 1372 1373 1374 1374 1375 1375 1376 1376 1377 1377 1380 1380 1381 1381 1384 1384 1386 1384 1385 1387 1386 1390 1388
1367 1367 1366 1366 1365 1366 1364 1363 1363 1363 1363 1362 1362 1362 1362 1361 1361 1361 1361 1361 1361 1360 1360 1360 1360 1359 1359 1359 1359 1358 1358 1359 1359 1358 1359 1359 1358 1359 1359 1359 1358 1359 1358 1359 1359 1359 1359 1360 1360 1359 1360 1362 1360 1363 1362 1363 1364 1364 1364 1365 1365 1364 1365 1366 1365 1366 1367 1367 1367 1368 1369 1369 1369 1370 1370 1370 1371 1371 1372 1372 1373 1374 1375 1375 1377 1377 1377 1378 1377 1380 1381 1383 1382 1384 1386 1387 1387 1386 1387 1387 1389
1366 1367 1366 1366 1366 1365 1364 1364 1364 1363 1363 1362 1362 1361 1362 1361 1361 1361 1361 1360 1360 1360 1360 1360 1359 1359 1359 1359 1359 1359 1359 1358 1359 1359 1359 1358 1359 1360 1359 1359 1359 1359 1359 1359 1359 1360 1360 1360 1360 1361 1361 1361 1360 1361 1363 1361 1362 1363 1363 1364 1364 1364 1365 1366 1367 1366 1366 1367 1368 1367 1369 1369 1369 1370 1370 1371 1370 1371 1372 1372 1373 1374 1375 1375 1375 1377 1378 1378 1381 1379 1381 1382 1382 1386 1385 1386 1387 1388 1389 1389 1390
1368 1367 1366 1365 1365 1364 1364 1364 1363 1363 1363 1362 1362 1362 1361 1362 1361 1361 1361 1360 1360 1360 1360 1359 1359 1359 1359 1359 1359 1358 1358 1358 1359 1359 1359 1358 1360 1358 1358 1359 1357 1359 1359 1358 1358 1359 1359 1360 1359 1359 1360 1362 1361 1360 1362 1362 1362 1362 1363 1363 1365 1364 1364 1366 1367 1367 1366 1367 1367 1368 1369 1369 1369 1370 1370 1370 1371 1372 1372 1372 1373 1374 1376 1375 1375 1376 1376 1377 1380 1379 1380 1382 1382 1385 1385 1385 1386 1387 1390 1387 1389
1368 1367 1367 1366 1366 1366 1365 1364 1364 1363 1362 1363 1362 1362 1362 1361 1361 1361 1361 1360 1361 1360 1359 1360 1359 1359 1359 1359 1358 1358 1358 1358 1358 1358 1359 1358 1359 1359 1359 1358 1358 1360 1358 1357 1359 1358 1359 1360 1359 1359 1361 1361 1361 1360 1361 1360 1362 1363 1364 1364 1363 1364 1364 1365 1366 1366 1366 1367 1368 1367 1369 1370 1369 1369 1370 1372 1371 1371 1372 1372 1372 1374 1374 1375 1377 1378 1377 1379 1380 1380 1381 1382 1383 1386 1384 1385 1388 1387 1388 1391 1390
1369 1368 1367 1366 1367 1365 1365 1364 1364 1364 1363 1363 1363 1362 1361 1361 1361 1361 1361 1361 1361 1360 1360 1359 1359 1358 1359 1359 1359 1358 1358 1359 1358 1358 1359 1359 1359 1358 1359 1358 1359 1358 1357 1359 1356 1358 1339 1347 1360 1359 1361 1360 1361 1361 1363 1363 1362 1364 1364 1365 1365 1364 1364 1365 1365 1366 1367 1367 1367 1368 1369 1368 1368 1369 1369 1370 1371 1372 1372 1374 1373 1374 1375 1375 1375 1378 1377 1377 1378 1379 1382 1384 1385 1383 1386 1385 1387 1387 1389 1391 1391
1369 1368 1368 1367 1366 1366 1365 1365 1363 1364 1363 1363 1363 1362 1361 1361 1361 1360 1361 1361 1360 1360 1360 1359 1359 1359 1359 1358 1358 1358 1357 1358 1358 1358 1358 1358 1358 1358 1358 1358 1358 1359 1358 1357 1358 1358 -1 1337 1359 1361 1361 1359 1359 1360 1361 1359 1362 1361 1363 1364 1364 1365 1365 1365 1366 1366 1367 1368 1368 1368 1368 1369 1369 1369 1370 1371 1371 1371 1372 1372 1373 1374 1374 1375 1377 1377 1378 1377 1380 1378 1381 1383 1385 1385 1387 1387 1387 1388 1389 1389 1391
1368 1368 1368 1366 1367 1365 1365 1365 1364 1362 1362 1363 1363 1361 1362 1362 1362 1362 1360 1360 1359 1359 1359 1359 1359 1359 1359 1358 1358 1358 1358 1358 1358 1358 1358 1359 1358 1358 1359 1358 1357 1357 1357 1358 1359 1357 1102 1132 1360 1360 1359 1360 1361 1360 1361 1361 1362 1363 1363 1363 1364 1364 1365 1365 1366 1366 1367 1368 1368 1368 1369 1368 1369 1370 1371 1372 1372 1372 1371 1372 1372 1374 1374 1375 1376 1376 1376 1379 1379 1381 1383 1381 1383 1384 1386 1387 1387 1389 1389 1390 1391
1368 1369 1367 1367 1367 1366 1366 1366 1364 1363 1363 1363 1363 1361 1362 1361 1361 1362 1361 1361 1360 1360 1359 1359 1360 1358 1358 1359 1358 1357 1358 1358 1358 1358 1358 1358 1358 1358 1357 1357 1358 1358 1358 1358 1360 1352 1094 1092 1355 1361 1360 1360 1359 1360 1360 1362 1362 1360 1362 1363 1363 1365 1366 1365 1365 1365 1366 1367 1368 1368 1368 1369 1369 1370 1371 1371 1371 1372 1371 1372 1373 1373 1375 1374 1377 1378 1377 1378 1378 1380 1378 1383 1385 1383 1387 1387 1386 1390 1389 1392 1393
1370 1368 1369 1367 1367 1367 1367 1364 1364 1363 1363 1363 1363 1363 1362 1363 1362 1362 1360 1359 1360 1360 1360 1359 1359 1359 1359 1358 1358 1357 1357 1357 1357 1357 1358 1358 1355 1357 1357 1356 1355 -1 1358 1359 1359 1258 1093 1091 1122 1361 1360 1359 1358 1360 1361 1361 1361 1362 1362 1361 1362 1363 1364 1365 1366 1366 1367 1368 1368 1368 1368 1369 1369 1370 1370 1371 1370 1370 1371 1371 1372 1374 1376 1376 1376 1376 1378 1379 1380 1381 1381 1385 1384 1385 1387 1388 1387 1390 1389 1391 1392
1370 1369 1367 1368 1367 1366 1365 1367 1364 1365 1364 1364 1363 1362 1363 1362 1362 1361 1359 1360 1360 1360 1360 1359 1359 1358 1358 1358 1358 1357 1357 1357 1358 1357 1357 1357 1357 1357 1358 1358 1347 1132 1357 1359 1359 1107 1095 1092 1096 1351 1362 1359 1359 1360 1361 1359 1361 1362 1361 1363 1362 1364 1364 1364 1365 1365 1365 1365 1367 1367 1369 1370 1369 1369 1369 1370 1369 1370 1371 1373 1373 1375 1375 1376 1375 1376 1378 1378 1380 1381 1382 1384 1384 1384 1386 1390 1388 1390 1391 1392 1394
1370 1369 1369 1369 1368 1367 1367 1365 1364 1364 1364 1362 1363 1362 1362 1362 1361 1361 1359 1360 1359 1361 1359 1360 1358 1358 1358 1358 1356 1357 1357 1358 1357 1357 1357 1358 1357 1357 1357 1355 1341 1109 1357 1360 1357 1096 1094 1094 1094 1110 1360 1360 1358 1358 1361 1360 1362 1361 1362 1362 1361 1362 1362 1363 1363 1364 1366 1365 1366 1367 1368 1368 1369 1370 1369 1368 1370 1371 1371 1371 1374 1375 1375 1374 1376 1377 1378 1378 1380 1381 1380 1384 1384 1384 1387 1384 1389 1390 1393 1393 1393
1370 1370 1369 1368 1368 1366 1367 1366 1365 1363 1363 1362 1362 1362 1363 1361 1362 1362 1359 1361 1361 1361 1360 1359 1358 1358 1358 1358 1357 1357 1357 1357 1357 1357 1357 1357 1357 1355 1357 1356 1304 1107 1355 1359 1349 1097 1093 1096 1093 1097 1341 1361 1359 1357 1359 1359 1361 1361 1362 1360 1362 1364 1363 1362 1363 1363 1365 1364 1365 1366 1366 1366 1368 1368 1369 1370 1370 1371 1371 1373 1375 1375 1375 1375 1376 1378 1377 1380 1381 1381 1381 1384 1383 1384 1386 1388 1389 1390 1389 1392 1392
1370 1369 1369 1368 1368 1366 1365 1365 1365 1365 1365 1363 1363 1358 1361 1361 1361 1360 1359 1358 1360 1359 1359 1359 1358 1358 1358 1357 1355 1357 1357 1356 1357 1356 1357 1358 1357 1355 1357 1356 1299 1107 1356 1358 1290 1096 1094 1098 1097 1098 1105 1359 1360 1357 1359 1360 1360 1359 1360 1360 1362 1361 1363 1364 1362 1364 1362 1364 1365 1365 1366 1367 1368 1369 1368 1369 1369 1370 1371 1371 1373 1373 1373 1375 1376 1379 1379 1381 1379 1381 1381 1382 1383 1385 1388 1388 1388 1391 1392 1392 1392
1371 1371 1369 1369 1366 1366 1366 1365 1363 1366 1362 1363 1363 1362 1361 1362 1361 1360 1357 1361 1360 1359 1360 1358 1357 1358 1358 1357 1356 1356 1356 1357 1356 1356 1357 1356 1357 1358 1356 1355 1312 1097 1355 1359 1136 1094 1094 1098 1097 1094 1098 1339 1361 1359 1359 1359 1358 1361 1361 1363 1361 1361 1362 1363 1364 1363 1364 1364 1365 1365 1366 1368 1367 1368 1369 1369 1370 1370 1371 1372 1373 1373 1374 1376 1376 1377 1378 1381 1379 1379 1382 1383 1385 1387 1388 1387 1389 1392 1389 1393 1393
1371 1371 1369 1369 1369 1369 1366 1367 1365 1364 1364 1362 1364 1364 1362 1360 1360 1360 1361 1359 1359 1360 1357 1359 1358 1357 1357 1357 1356 1356 1357 1355 1356 1356 1356 1355 1357 1356 1357 1356 1322 1089 1345 1356 1097 1096 1097 1097 1097 1096 1096 1110 1360 1359 1358 1358 1360 1360 1359 1360 1361 1361 1362 1362 1363 1360 1363 1364 1361 1364 1367 1367 1368 1368 1368 1370 1368 1371 1372 1372 1373 1374 1373 1374 1376 1378 1379 1379 1381 1383 1381 1386 1385 1388 1387 1387 1389 1392 1391 1391 1395
1371 1370 1371 1369 1369 1368 1366 1367 1367 1362 1362 1364 1363 1363 1361 1361 1359 1358 1359 1359 1359 1359 1358 1358 1356 1356 1356 1357 1356 1356 1356 1356 1356 1356 1355 1357 1356 1356 1357 1358 1351 1088 1115 1357 1094 1096 1097 1098 1095 1097 1096 1103 1356 1360 1358 1358 1358 1358 1360 1360 1362 1360 1360 1361 1362 1363 1365 1358 -1 1364 1369 1366 1370 1368 1368 1371 1370 1370 1371 1372 1376 1375 1375 1376 1377 1379 1380 1381 1380 1382 1384 1387 1385 1388 1389 1391 1390 1391 1391 1395 1394
1372 1371 1370 1368 1368 1367 1367 1368 1366 1364 1363 1362 1363 1362 1361 1361 1360 1360 1358 1360 1357 1358 1359 1357 1357 1355 1357 1357 1357 1356 1356 1355 1356 1354 1354 1355 1355 1356 1357 1357 1354 1102 1089 1352 1096 1097 1099 1097 1095 1099 1096 1099 1117 1360 1359 1357 1359 1359 1362 1360 1359 1361 1360 1359 1362 1363 1364 1087 1112 1369 1368 1366 1367 1367 1368 1368 1370 1370 1373 1372 1374 1373 1376 1376 1376 1377 1379 1382 1381 1385 1386 1386 1384 1389 1389 1390 1393 1392 1392 1397 1397
1372 1371 1371 1370 1369 1370 1366 1366 1367 1366 1366 1365 1362 1362 1361 1361 1360 1363 1360 1359 1360 1358 1358 1359 1358 1356 1357 1356 1355 1355 1355 1354 1354 1355 1355 1355 1355 1355 1356 1358 1356 1134 1059 1333 1098 1098 1099 1096 1097 1098 1099 1100 1109 1359 1360 1359 1360 1359 1360 1361 1360 1360 1361 1360 1362 1364 1359 1116 1256 1367 1368 1367 1366 1368 1368 1369 1370 1370 1372 1371 1374 1374 1374 1376 1378 1378 1381 1383 1383 1384 1385 1388 1387 1388 1389 1389 1391 1393 1394 1395 1395
1373 1372 1371 1370 1369 1367 1369 1368 1363 1365 1362 1362 1362 1358 1360 1361 1360 1359 1360 1361 1359 1360 1360 1358 1356 1356 1356 1356 1356 1356 1356 1355 1356 1355 1356 1355 1355 1355 1356 1357 1355 1145 1035 1181 1100 1096 1098 1096 1098 1100 1099 1099 1105 1343 1361 1358 1358 1359 1360 1359 1360 1359 1360 1362 1363 1366 1234 1118 1366 1369 1366 1367 1368 1369 1369 1369 1368 1370 1371 1372 1373 1374 1374 1375 1379 1379 1383 1382 1382 1385 1383 1387 1388 1387 1389 1389 1388 1390 1393 1393 1392
1374 1372 1372 1371 1370 1368 1367 1368 1365 1364 1365 1362 1362 1364 1363 1363 1359 1362 1358 1360 1360 1360 1358 1357 1357 1355 1356 1355 1356 1355 1353 1356 1355 1356 1355 1355 1355 1355 1356 1357 1356 1136 1008 1139 1101 1098 1100 1100 1097 1102 1101 1100 1100 1133 1361 1359 1357 1358 1359 1359 1358 1358 1359 1359 1365 1360 1119 1284 1369 1366 1366 1367 1367 1369 1372 1370 1371 1371 1372 1372 1373 1373 1374 1378 1375 1379 1383 1383 1381 1387 1385 1386 1388 1389 1389 1391 1388 1394 1394 1394 1396
1372 1373 1371 1369 1370 1368 1367 1366 1365 1366 1364 1364 1364 1359 1362 1362 1359 1361 1361 1359 1358 1358 1359 1357 1357 1357 1356 1355 1355 1354 1354 1354 1355 1355 1352 1355 1353 1352 1355 1357 1351 1125 1016 1117 1099 1101 1099 1100 1099 1103 1101 1102 1104 1115 1359 1360 1356 1358 1359 1361 1358 1357 1359 1362 1366 1341 1142 1367 1369 1367 1365 1368 1367 1368 1369 1367 1370 1370 1371 1371 1373 1375 1377 1376 1378 1377 1380 1382 1389 1387 1386 1386 1386 1389 1392 1391 1391 1390 1394 1394 1395
1374 1373 1373 1370 1369 1368 1369 1369 1366 1365 1363 1364 1362 1362 1363 1362 1363 1361 1360 1359 1356 1357 1359 1357 1357 1355 1355 1355 1355 1354 1353 1354 1353 1352 1353 1354 1352 1353 1354 1356 1318 1093 995 1104 1100 1101 1101 1098 1102 1103 1104 1105 1104 1111 1352 1361 1358 1357 1359 1358 1358 1358 1360 1363 1363 1289 1359 1370 1366 1365 1366 1366 1367 1368 1368 1370 1369 1371 1373 1372 1374 1374 1375 1376 1376 1379 1379 1383 1387 1388 1386 1387 1389 1390 1390 1393 1390 1396 1393 1397 1398
1374 1374 1371 1369 1371 1371 1369 1368 1368 1365 1365 1364 1365 1362 1363 1362 1360 1360 1359 1359 1361 1356 1357 1357 1358 1355 1354 1354 1355 1354 1354 1352 1354 1353 1353 1353 1354 1354 1356 1356 1144 1071 1007 1087 1102 1099 1104 1104 1099 1104 1107 1105 1106 1111 1182 1362 1358 1356 1356 1356 1359 1357 1361 1365 1346 1332 1366 1366 1365 1364 1367 1364 1367 1368 1369 1369 1370 1371 1370 1371 1373 1375 1374 1375 1377 1379 1381 1382 1384 1389 1389 1387 1388 1391 1390 1392 1394 1397 1394 1397 1400
1375 1373 1373 1373 1371 1371 1370 1368 1369 1366 1367 1363 1360 1365 1362 1361 1360 1362 1360 1357 1357 1358 1358 1357 1355 1355 1355 1356 1353 1355 1354 1353 1354 1355 1354 1354 1355 1354 1356 1353 1119 1071 981 1070 1098 1103 1102 1105 1102 1103 1107 1108 1105 1107 1123 1362 1359 1359 1358 1359 1358 1361 1363 1362 1305 1361 1369 1365 1365 1363 1365 1368 1370 1369 1369 1370 1370 1370 1372 1373 1374 1374 1375 1376 1377 1379 1383 1381 1386 1384 1388 1389 1390 1392 1389 1390 1393 1397 1397 1395 1398
1374 1373 1374 1372 1373 1372 1370 1370 1368 1367 1366 1363 1363 1361 1363 1361 1361 1363 1359 1359 1359 1358 1357 1357 1356 1354 1355 1356 1353 1353 1353 1353 1354 1352 1353 1351 1354 1351 1355 1345 1113 1072 989 1051 1100 1105 1106 1102 1102 1106 1107 1104 1109 1105 1117 1359 1362 1358 1358 1359 1359 1361 1362 1350 1326 1365 1367 1365 1364 1366 1365 1366 1368 1369 1368 1372 1371 1372 1374 1373 1370 1375 1375 1378 1382 1378 1382 1379 1382 1386 1389 1391 1390 1387 1391 1392 1394 1397 1397 1397 1397
1378 1372 1375 1374 1372 1370 1370 1371 1370 1367 1364 1365 1365 1363 1365 1362 1362 1359 1360 1360 1358 1358 1358 1357 1357 1354 1355 1354 1353 1353 1352 1354 1352 1354 1353 1353 1354 1353 1356 1343 1111 1063 1002 1052 1098 1103 1104 1105 1103 1109 1108 1110 1109 1109 1114 1344 1363 1359 1359 1358 1358 1363 1357 1221 1358 1367 1365 1364 1365 1365 1367 1368 1367 1369 1370 1370 1369 1372 1372 1373 1377 1374 1376 1377 1376 1378 1383 1382 1379 1386 1390 1392 1393 1394 1396 1391 1396 1398 1396 1396 1399
1376 1375 1374 1373 1373 1371 1371 1370 1369 1369 1368 1365 1364 1364 1361 1363 1360 1361 1358 1358 1356 1357 1359 1354 1355 1355 1356 1355 1353 1353 1353 1354 1353 1353 1353 1353 1354 1353 1357 1340 1111 1056 996 1033 1098 1107 1101 1102 1104 1108 1108 1110 1107 1111 1113 1177 1363 1356 1355 1356 1362 1360 1307 1152 1366 1366 1364 1362 1365 1366 1366 1367 1367 1369 1367 1368 1369 1372 1373 1374 1373 1377 1375 1377 1376 1379 1381 1386 1389 1387 1384 1387 1395 1395 1394 1393 1397 1399 1399 1400 1400
1376 1376 1375 1372 1371 1372 1371 1369 1369 1367 1368 1366 1363 1363 1364 1360 1360 1360 1361 1359 1358 1358 1357 1357 1355 1355 1353 1355 1355 1353 1353 1353 1352 1352 1353 1353 1352 1351 1355 1339 1109 1047 1016 1025 1099 1104 1104 1105 1104 1109 1109 1108 1110 1109 1110 1132 1365 1362 1356 1357 1363 1346 1131 1350 1367 1365 1362 1364 1365 1367 1367 1366 1370 1369 1369 1370 1372 1372 1373 1376 1374 1375 1376 1375 1382 1383 1382 1384 1384 1388 1388 1385 1395 1395 1392 1393 1396 1399 1396 1401 1399
1376 1375 1375 1375 1374 1371 1369 1369 1368 1370 1368 1366 1363 1365 1363 1363 1362 1358 1359 1357 1357 1355 1356 1354 1357 1354 1354 1353 1352 1352 1352 1352 1352 1353 1353 1354 1352 1350 1355 1345 1110 1044 1004 1021 1102 1105 1106 1104 1105 1108 1108 1108 1112 1112 1110 1123 1363 1360 1357 1360 1362 1132 1133 1366 1367 1361 1363 1363 1364 1365 1367 1365 1369 1369 1369 1370 1372 1372 1371 1373 1375 1375 1379 1376 1377 1379 1383 1380 1389 1387 1393 1393 1391 1399 1396 1392 1399 1400 1400 1401 1405
1379 1377 1377 1376 1373 1371 1373 1371 1371 1368 1367 1367 1363 1364 1359 1363 1361 1361 1359 1357 1355 1359 1356 1356 1355 1353 1354 1352 1352 1353 1351 1352 1353 1354 1353 1352 1353 1351 1355 1348 1109 1033 1014 1022 1097 1108 1107 1107 1107 1109 1110 1112 1114 1113 1114 1121 1356 1364 1357 1364 1333 1131 1335 1367 1363 1363 1359 1363 1364 1365 1368 1365 1367 1369 1370 1371 1373 1373 1372 1374 1375 1378 1377 1379 1378 1382 1381 1379 1382 1393 1390 1391 1395 1395 1398 1396 1398 1398 1398 1400 1405
1377 1378 1375 1373 1373 1369 1373 1371 1369 1367 1366 1365 1361 1364 1363 1361 1361 1362 1362 1335 1177 1347 1355 1354 1354 1354 1351 1354 1352 1353 1350 1350 1354 1351 1353 1351 1352 1351 1356 1347 1110 1036 1017 1022 1096 1109 1108 1109 1103 1110 1108 1114 1114 1114 1115 1119 1337 1365 1363 1357 1133 1132 1363 1369 1362 1361 1363 1360 1365 1364 1366 1366 1368 1369 1369 1369 1368 1371 1373 1372 1375 1376 1378 1379 1383 1377 1381 1381 1383 1388 1392 1395 1394 1394 1400 1400 1400 1402 1405 1401 1401
1379 1379 1377 1376 1375 1373 1372 1372 1370 1370 1366 1366 1364 1364 1361 1363 1360 1364 1363 1355 1094 1104 1242 1357 1358 1352 1349 1353 1352 1350 1350 1351 1352 1352 1350 1350 1351 1351 1355 1345 1108 1041 1016 1023 1087 1107 1110 1111 1109 1108 1110 1112 1115 1113 1115 1120 1251 1367 1368 1314 1119 1145 1369 1365 1361 1363 1360 1364 1365 1362 1366 1366 1370 1368 1368 1371 1372 1373 1370 1373 1375 1373 1377 1378 1380 1379 1380 1383 1389 1387 1387 1390 1393 1397 1393 1400 1400 1397 1399 1403 1401
1378 1377 1378 1372 1373 1372 1373 1371 1371 1367 1367 1368 1362 1364 1363 1361 1362 1360 1364 1365 1116 1072 1088 1164 1359 1354 1353 1350 1348 1349 1350 1349 1349 1350 1350 1350 1349 1350 1356 1338 1109 1027 1023 1021 1089 1112 1110 1109 1113 1107 1110 1114 1116 1115 1115 1120 1138 1367 1363 1131 1116 1351 1369 1361 1358 1356 1360 1362 1365 1364 1364 1366 1367 1369 1371 1371 1372 1371 1372 1374 1372 1374 1377 1376 1382 1381 1380 1382 1386 1384 1389 1388 1394 1394 1397 1400 1397 1401 1404 1402 1406
1379 1381 1380 1374 1374 1373 1372 1369 1371 1367 1367 1368 1365 1365 1364 1363 1361 1358 1363 1364 1190 1070 1075 1085 1124 1359 1355 1350 1349 1348 1348 1349 1348 1348 1349 1349 1350 1351 1356 1337 1110 1026 1019 1020 1079 1111 1112 1109 1109 1111 1113 1113 1115 1116 1116 1119 1129 1362 1324 1117 1128 1368 1368 1361 1361 1359 1363 1364 1364 1363 1370 1366 1369 1370 1368 1371 1372 1372 1373 1374 1377 1376 1381 1381 1385 1383 1382 1387 1388 1386 1388 1386 1394 1399 1402 1400 1399 1401 1404 1405 1403
1378 1378 1377 1376 1367 1372 1375 1374 1369 1367 1367 1367 1366 1364 1364 1363 1360 1359 1365 1363 1195 1074 1072 1075 1088 1186 1356 1354 1348 1349 1350 1349 1350 1347 1350 1348 1349 1350 1354 1318 1112 1034 1025 1025 1081 1112 1109 1112 1113 1113 1113 1116 1115 1119 1122 1122 1123 1338 1116 1109 1154 1369 1366 1358 1358 1358 1360 1364 1364 1366 1366 1365 1369 1369 1370 1372 1372 1371 1372 1375 1374 1377 1378 1377 1380 1380 1386 1383 1384 1383 1386 1393 1395 1394 1399 1403 1398 1396 1401 1405 1408
1381 1380 1379 1374 -1 1360 1374 1373 1369 1367 1366 1367 1364 1363 1362 1362 1360 1360 1364 1365 1156 1066 1064 1071 1079 1092 1251 1356 1350 1351 1348 1350 1349 1351 1350 1350 1350 1349 1355 1291 1115 1051 1023 1024 1068 1105 1108 1109 1108 1108 1113 1117 1119 1116 1117 1121 1117 1149 1100 1114 1352 1370 1360 1360 1360 1359 1363 1364 1362 1361 1365 1368 1369 1370 1367 1372 1373 1372 1374 1375 1375 1377 1377 1377 1383 1383 1384 1382 1385 1389 1392 1396 1393 1399 1403 1402 1402 1404 1405 1404 1401
1377 1380 1383 1376 1087 1097 1373 1379 1372 1369 1368 1366 1365 1365 1365 1361 1362 1359 1362 1363 1102 1067 1069 1066 1066 1079 1103 1330 1356 1350 1347 1347 1350 1349 1350 1350 1347 1351 1356 1283 1113 1056 1027 1026 1064 1108 1108 1112 1112 1112 1113 1115 1119 1122 1120 1124 1120 1108 1107 1124 1366 1369 1360 1358 1359 1360 1362 1361 1367 1365 1364 1367 1370 1368 1373 1371 1373 1373 1374 1374 1380 1378 1378 1383 1386 1381 1383 1385 1390 1384 1386 1394 1392 1397 1396 1399 1397 1403 1405 1406 1405
1381 1380 1385 1378 1081 1051 -1 1379 1375 1372 1369 1368 1362 1363 1364 1364 1362 1363 1367 1357 1090 1066 1063 1073 1075 1080 1083 1106 1342 1355 1350 1349 1349 1349 1349 1351 1348 1350 1355 1258 1114 1059 1027 1026 1053 1107 1112 1109 1112 1108 1113 1114 1116 1120 1122 1126 1124 1110 1107 1145 1371 1367 1357 1357 1359 1360 1362 1362 1364 1366 1367 1368 1368 1369 1372 1373 1374 1374 1374 1378 1375 1374 1380 1377 1382 1386 1381 1383 1387 1390 1394 1388 1392 1395 1399 1404 1405 1406 1406 1410 1412
1381 1383 1383 1378 1091 1030 1063 1343 1381 1372 1369 1368 1336 1278 1363 1364 1361 1364 1366 1349 1078 1068 1070 1066 1070 1077 1084 1081 1116 1351 1355 1346 1348 1350 1349 1349 1347 1350 1353 1176 1116 1066 1016 1026 1049 1100 1108 1110 1112 1114 1114 1119 1121 1118 1124 1125 1130 1117 1114 1283 1371 1363 1358 1363 1357 1363 1358 1366 1366 1365 1366 1369 1370 1366 1371 1371 1373 1374 1375 1377 1377 1376 1380 1378 1381 1381 1384 1385 1386 1388 1394 1396 1395 1395 1398 1400 1408 1404 1408 1408 1411
1384 1384 1390 1388 1102 1031 1029 1076 1369 1377 1370 1371 1357 1139 1351 1367 1360 1364 1367 1278 1066 1063 1063 1068 1075 1075 1081 1081 1086 1125 1354 1354 1349 1348 1348 1351 1349 1350 1355 1167 1118 1080 1022 1028 1037 1102 1107 1111 1109 1113 1113 1119 1119 1122 1125 1128 1123 1111 1119 1348 1371 1367 1359 1357 1363 1364 1361 1364 1365 1363 1368 1370 1372 1373 1369 1372 1375 1377 1375 1375 1378 1379 1378 1379 1380 1379 1386 1388 1388 1391 1393 1390 1398 1391 1395 1404 1407 1406 1410 1410 1408
1384 1383 1384 1383 -1 1038 1027 1046 1092 1377 1375 1371 1367 1155 1144 1364 1367 1365 1366 1186 1061 1068 1067 1063 1072 1074 1079 1080 1081 1103 1242 1356 1353 1350 1350 1350 1349 1352 1354 1147 1122 1095 1030 1030 1052 1102 1107 1106 1111 1110 1113 1118 1123 1125 1125 1128 1122 1113 1123 1356 1370 1363 1357 1358 1362 1359 1359 1364 1363 1368 1368 1371 1370 1370 1374 1374 1374 1374 1374 1375 1379 1383 1383 1379 1379 1380 1382 1387 1387 1390 1389 1394 1398 1399 1399 1398 1403 1406 1408 1405 1411
1382 1386 1385 1386 1329 1048 1030 1035 1048 1177 1377 1375 1369 1329 1103 1267 1370 1367 1363 1122 1061 1065 1066 1063 1068 1072 1078 1082 1083 1088 1115 1352 1355 1350 1347 1350 1349 1351 1354 1143 1125 1101 1025 1031 1049 1100 1104 1114 1110 1114 1116 1121 1119 1126 1129 1126 1119 1113 1133 1359 1370 1362 1360 1361 1364 1364 1362 1364 1363 1366 1367 1371 1372 1371 1377 1376 1375 1375 1375 1375 1378 1385 1379 1380 1385 1385 1385 1391 1387 1392 1391 1395 1392 1393 1400 1399 1401 1405 1409 1415 1412
1381 1382 1388 1389 1371 1068 1031 1039 1041 1064 1355 1377 1376 1364 1145 1127 1370 1374 1366 1108 1059 1058 1069 1066 1070 1072 1082 1080 1080 1083 1094 1145 1357 1355 1349 1351 1350 1351 1356 1136 1125 1106 1031 1031 1059 1092 1109 1107 1113 1110 1116 1120 1125 1128 1127 1129 1115 1116 1147 1361 1374 1359 1360 1361 1358 1364 1365 1367 1363 1366 1370 1370 1371 1370 1372 1375 1373 1375 1376 1377 1373 1381 1382 1384 1379 1387 1385 1386 1387 1390 1401 1395 1395 1395 1399 1408 1405 1404 1408 1414 1412
1384 1381 1381 1389 1382 1082 1039 1036 1033 1045 1084 1373 1379 1370 1326 1119 1353 1379 1362 1103 1057 1066 1058 1066 1060 1079 1079 1084 1083 1089 1089 1112 1351 1356 1352 1347 1351 1353 1353 1132 1127 1117 1048 1049 1056 1089 1108 1107 1111 1113 1116 1119 1124 1126 1131 1126 1113 1118 1148 1364 1373 1363 1359 1360 1368 1361 1361 1369 1368 1370 1368 1372 1372 1374 1374 1374 1375 1380 1378 1377 1381 1378 1382 1384 1384 1387 1387 1393 1396 1389 1394 1399 1402 1401 1403 1406 1404 1407 1409 1411 1412
1388 1383 1386 1390 1385 1122 1040 1034 1033 1040 1054 1178 1378 1379 1364 1177 1256 1380 1360 1102 1058 1069 1060 1058 1071 1073 1080 1075 1079 1086 1090 1100 1157 1363 1355 1351 1350 1352 1355 1134 1127 1119 1064 1044 1047 1089 1105 1103 1108 1114 1113 1119 1125 1129 1128 1126 1113 1120 1150 1361 1371 1363 1361 1363 1360 1366 1362 1368 1370 1371 1372 1374 1370 1371 1377 1378 1374 1380 1376 1378 1385 1382 1385 1381 1390 1385 1390 1389 1392 1393 1398 1397 1403 1403 1404 1401 1401 1400 1414 1414 1411
1385 1385 1383 1392 1387 1306 1051 1042 1041 1038 1045 1074 1359 1378 1374 1351 1193 1372 1361 1100 1059 1063 1060 1072 1074 1074 1077 1078 1086 1087 1087 1091 1117 1359 1357 1351 1348 1352 1353 1133 1130 1123 1078 1038 1066 1091 1099 1107 1110 1114 1116 1120 1125 1129 1133 1124 1114 1122 1152 1359 1374 1364 1362 1360 1365 1361 1366 1366 1365 1373 1372 1373 1374 1372 1377 1377 1378 1377 1377 1382 1380 1387 1381 1391 1381 1386 1389 1396 1387 1393 1366 -1 1396 1408 1411 1408 1405 1411 1408 1414 1420
1384 1387 1389 1388 1392 1370 1076 1039 1039 1042 1045 1052 1111 1382 1385 1366 1318 1327 1355 1088 1058 1066 1064 1063 1067 1071 1077 1081 1088 1088 1085 1095 1109 1336 1362 1351 1351 1354 1354 1132 1131 1128 1100 1050 1052 1090 1102 1108 1107 1114 1117 1120 1129 1130 1132 1122 1115 1122 1150 1358 1373 1363 1358 1361 1361 1363 1366 1367 1369 1373 1367 1370 1370 1372 1376 1375 1378 1375 1382 1378 1379 1380 1384 1380 1387 1386 1389 1401 1400 1342 1109 1107 1396 1415 1405 1403 1410 1407 1416 1417 1422
1389 1391 1381 1389 1392 1385 1093 1038 1036 1043 1040 1048 1065 1242 1385 1377 1361 1165 1148 1079 1065 1060 1063 1064 1065 1069 1076 1084 1084 1087 1088 1093 1104 1152 1365 1356 1354 1356 1354 1132 1130 1130 1115 1062 1057 1091 1105 1104 1111 1117 1116 1121 1127 1126 1129 1121 1112 1124 1142 1352 1378 1369 1363 1364 1364 1365 1364 1368 1369 1369 1371 1374 1375 1375 1376 1375 1378 1377 1380 1382 1383 1386 1379 1385 1382 1389 1387 1402 1364 1117 1113 1365 1419 1412 1402 1406 1414 1407 1417 1413 1417
1392 1385 1383 1381 1386 1383 1135 1047 1035 1042 1041 1046 1052 1082 1367 1381 1372 1166 1100 1086 1055 1062 1068 1066 1068 1074 1076 1081 1088 1088 1087 1089 1104 1128 1364 1358 1351 1356 1353 1132 1130 1131 1122 1078 1066 1091 1106 1111 1107 1112 1117 1121 1127 1128 1128 1119 1113 1125 1136 1330 1373 1366 1358 1361 1363 1363 1365 1370 1371 1371 1370 1373 1372 1376 1373 1377 1377 1377 1378 1380 1381 1384 1382 1381 1382 1390 1397 1392 1117 1112 -1 1416 1409 1406 1409 1410 1415 1415 1416 1410 1417
1391 1394 1389 1386 1382 1391 1360 1071 1044 1043 1045 1046 1050 1062 1155 1380 1381 1310 1100 1090 1064 1066 1065 1073 1070 1069 1082 1079 1085 1087 1086 1098 1101 1112 1358 1360 1352 1356 1353 1135 1132 1134 1128 1098 1065 1090 1110 1104 1105 1110 1114 1121 1126 1131 1129 1115 1114 1124 1131 1269 1374 1368 1358 1361 1366 1369 1363 1371 1368 1373 1373 1375 1374 1375 1377 1378 1378 1379 1384 1380 1382 1384 1389 1388 1382 1386 1401 -1 1116 1124 1396 1410 1407 1403 1412 1407 1417 1412 1413 1423 1419
1393 1388 1389 1386 1385 1394 1381 1088 1045 1042 1047 1044 1050 1050 1070 1338 1376 1357 1122 1094 1069 1063 1067 1068 1068 1068 1077 1082 1087 1083 1089 1096 1098 1111 1330 1363 1353 1356 1354 1135 1133 1133 1131 1115 1074 1085 1111 1113 1104 1112 1118 1120 1128 1132 1129 1116 1115 1122 1125 1153 1370 1371 1364 1367 1363 1367 1366 1370 1369 1370 1371 1377 1379 1375 1381 1377 1380 1377 1381 1384 1384 1388 1383 1387 1394 1402 1365 1123 1114 1360 1418 1412 1410 1407 1410 1417 1416 1409 1414 1415 1419
1399 1391 1388 1390 1391 1393 1393 1152 1051 1046 1048 1044 1044 1051 1055 1095 1372 1372 1174 1092 1062 1073 1068 1060 1070 1065 1077 1085 1083 1089 1091 1093 1104 1108 1160 1370 1356 1357 1354 1138 1135 1135 1135 1122 1091 1090 1108 1113 1105 1107 1114 1125 1129 1134 1133 1118 1116 1122 1126 1134 1359 1374 1368 1365 1366 1369 1372 1372 1372 1370 1374 1375 1377 1374 1377 1381 1380 1379 1379 1384 1386 1390 1387 1394 1403 1393 1124 1114 1129 1406 1413 1408 1409 1411 1414 1417 1413 1419 1420 1427 1420
1394 1395 1391 1389 1388 1385 1399 1356 1070 1044 1037 1048 1047 1050 1055 1066 1164 1370 1333 1099 1073 1068 1068 1074 1078 1073 1074 1078 1085 1096 1091 1098 1099 1106 1142 1368 1356 1357 1355 1138 1136 1135 1134 1128 1108 1087 1108 1122 1113 1109 1116 1120 1127 1134 1134 1117 1115 1122 1124 1129 1304 1378 1370 1370 1368 1371 1368 1371 1367 1375 1374 1376 1376 1375 1377 1380 1379 1381 1380 1385 1386 1384 1386 1396 1405 -1 1118 1117 1369 1418 1413 1407 1409 1410 1415 1421 1419 1414 1420 1414 1428
1402 1393 1396 1385 1385 1388 1393 1381 1092 1049 1051 1049 1047 1049 1050 1056 1080 1314 1358 1140 1079 1070 1072 1060 1069 1074 1079 1080 1087 1091 1097 1093 1100 1109 1127 1371 1360 1356 1356 1138 1135 1137 1134 1134 1116 1089 1107 1121 1116 1110 1113 1123 1131 1133 1133 1116 1117 1123 1124 1129 1157 1375 1375 1371 1368 1369 1367 1374 1371 1373 1374 1379 1378 1382 1381 1381 1382 1383 1385 1389 1387 1391 1393 1406 1370 1123 1112 1122 1409 1419 1411 1412 1409 1412 1412 1419 1417 1417 1421 1424 1423
1399 1390 1393 1392 1389 1390 1397 1394 1167 1054 1045 1049 1053 1047 1049 1055 1062 1091 1353 1199 1088 1065 1072 1067 1068 1076 1071 1080 1087 1093 1084 1099 1100 1108 1122 1361 1360 1355 1354 1142 1136 1136 1136 1133 1124 1104 1100 1122 1125 1112 1116 1123 1127 1135 1133 1117 1117 1123 1126 1127 1135 1368 1378 1370 1365 1373 1374 1374 1374 1372 1375 1376 1377 1382 1383 1380 1386 1387 1385 1384 1389 1388 1402 1400 1126 1113 1113 1362 1420 1407 1408 1403 1411 1413 1415 1419 1418 1427 1430 1428 1428
1399 1401 1394 1400 1391 1390 1397 1399 1355 1075 1053 1049 1050 1053 1054 1054 1061 1069 1131 1224 1083 1074 1061 1067 1066 1073 1079 1083 1084 1088 1088 1103 1102 1106 1120 1357 1377 1357 1358 1143 1137 1138 1136 1135 1127 1118 1101 1123 1122 1118 1112 1122 1131 1136 1133 1118 1114 1122 1121 1127 1129 1320 1385 1372 1371 1370 1373 1371 1377 1375 1378 1377 1385 1378 1382 1386 1385 1383 1385 1389 1393 1395 1405 1203 1116 1110 1122 1401 1427 1411 1405 1416 1414 1419 1413 1417 1420 1422 1426 1427 1430
1398 1399 1403 1395 1397 1393 1389 1395 1382 1099 1056 1053 1052 1052 1053 1055 1058 1060 1065 1163 1095 1073 1073 1063 1068 1068 1073 1083 1082 1085 1094 1098 1102 1106 1117 1347 1371 1361 1360 1146 1136 1138 1137 1136 1129 1120 1095 1121 1124 1126 1118 1125 1130 1134 1133 1119 1117 1124 1121 1127 1126 1155 1381 1378 1369 1370 1371 1371 1373 1377 1376 1379 1383 1385 1382 1387 1380 1388 1384 1393 1396 1403 1379 1129 1111 1112 1182 1423 1423 1405 1408 1414 1416 1415 1424 1418 1416 1427 1423 1430 1428
1406 1398 1402 1397 1391 1398 1396 1404 1398 1219 1067 1054 1055 1054 1056 1054 1057 1062 1066 1076 1111 1076 1071 1068 1071 1077 1075 1084 1077 1093 1085 1102 1104 1108 1116 1306 1373 1361 1357 1152 1138 1139 1138 1138 1133 1123 1101 1114 1124 1126 1117 1121 1132 1136 1133 1119 1119 1120 1121 1127 1129 1139 1376 1379 1374 1375 1374 1373 1377 1375 1377 1381 1380 1380 1386 1388 1386 1385 1391 1390 1398 1399 1144 1115 1113 1112 1364 1433 1411 1406 1412 1410 1413 1415 1418 1424 1424 1418 1425 1424 1434
1409 1404 1404 1401 1396 1403 1397 1394 1400 1369 1094 1057 1053 1056 1055 1054 1057 1058 1062 1070 1097 1079 1069 1061 1070 1068 1071 1079 1084 1087 1088 1095 1109 1110 1117 1212 1367 1360 1360 1156 1140 1139 1141 1137 1136 1128 1111 1115 1125 1127 1115 1117 1130 1135 1133 1122 1117 1121 1121 1125 1128 1136 1338 1389 1375 1366 1375 1377 1375 1383 1383 1381 1386 1379 1391 1389 1384 1383 1382 1391 1406 1341 1122 1113 1114 1128 1405 1432 1415 1404 1410 1411 1418 1425 1425 1436 1428 1417 1430 1430 1433
1405 1403 1405 1404 1405 1399 1401 1389 1402 1395 1200 1071 1056 1054 1058 1050 1058 1059 1062 1061 1070 1079 1070 1063 1068 1073 1078 1078 1082 1083 1096 1096 1102 1110 1117 1166 1380 1359 1362 1162 1139 1139 1140 1139 1136 1132 1119 1113 1121 1125 1105 1119 1131 1135 1135 1122 1118 1118 1118 1127 1129 1132 1163 1385 1380 1369 1376 1374 1377 1377 1381 1381 1384 1386 1383 1390 1392 1383 1394 1409 1382 1135 1113 1109 1110 1209 1422 1425 1407 1416 1417 1413 1415 1420 1430 1431 1433 1430 1430 1426 1433
1407 1405 1405 1398 1402 1399 1396 1396 1395 1402 1370 1092 1061 1057 1058 1054 1054 1055 1060 1066 1070 1079 1070 1071 1069 1075 1076 1077 1086 1088 1088 1098 1104 1111 1113 1137 1368 1363 1360 1174 1137 1139 1142 1139 1137 1136 1121 1117 1119 1124 1122 1110 1130 1137 1135 1126 1111 1120 1124 1125 1130 1135 1147 1383 1381 1375 1374 1377 1380 1382 1381 1386 1384 1389 1386 1385 1392 1392 1393 1405 1205 1121 1112 1115 1124 1378 1427 1414 1411 1416 1418 1417 1418 1421 1426 1429 1429 1432 1436 1433 1437
1412 1412 1405 1408 1400 1402 1403 1398 1399 1401 1399 1166 1067 1065 1058 1058 1056 1057 1059 1062 1067 1077 1079 1063 1070 1072 1071 1082 1084 1086 1092 1101 1102 1112 1115 1127 1362 1365 1363 1253 1140 1141 1139 1139 1138 1134 1127 1114 1115 1115 1136 1106 1129 1135 1136 1131 1114 1120 1122 1127 1131 1133 1141 1364 1386 1377 1379 1381 1381 1379 1381 1387 1385 1387 1390 1392 1390 1389 1407 1384 1135 1114 1111 1111 1136 1411 1430 1411 1415 1421 1425 1427 1418 1426 1431 1432 1429 1430 1426 1439 1436
1414 1410 1411 1410 1406 1409 1405 1405 1403 1403 1404 1366 1090 1068 1063 1061 1060 1056 1062 1061 1069 1076 1081 1069 1066 1078 1078 1078 1082 1089 1095 1100 1101 1111 1113 1124 1331 1370 1366 1308 1140 1141 1145 1141 1140 1139 1130 1120 1099 1107 1154 1105 1129 1136 1137 1137 1121 1116 1120 1122 1132 1137 1141 1330 1394 1383 1377 1381 1382 1379 1385 1389 1394 1385 1389 1392 1395 1400 1410 1193 1117 1111 1112 1113 1151 1425 1429 1420 1418 1420 1420 1423 1427 1429 1435 1428 1430 1433 1432 1434 1440
1409 1410 1409 1412 1408 1410 1408 1407 1400 1398 1404 1393 1124 1071 1068 1065 1061 1058 1058 1062 1062 1068 1077 1062 1066 1072 1081 1077 1086 1085 1093 1095 1103 1111 1113 1122 1168 1368 1371 1330 1141 1141 1144 1145 1139 1138 1134 1118 1093 1091 1164 1124 1126 1137 1138 1138 1123 1120 1117 1127 1134 1132 1139 1163 1399 1385 1382 1381 1383 1388 1385 1386 1391 1388 1395 1395 1397 1405 1381 1134 1113 1110 1111 1127 1359 1431 1432 1419 1416 1427 1430 1426 1428 1434 1429 1432 1434 1437 1441 1439 1443
1418 1418 1413 1410 1410 1409 1409 1401 1406 1403 1404 1405 1338 1087 1068 1064 1061 1059 1062 1062 1066 1067 1073 1074 1067 1065 1079 1076 1081 1084 1087 1094 1102 1110 1118 1122 1155 1351 1380 1350 1142 1141 1145 1142 1142 1141 1134 1124 1098 1088 1143 1135 1125 1135 1139 1140 1133 1120 1119 1124 1130 1136 1139 1158 1393 1388 1384 1381 1386 1384 1387 1394 1395 1393 1397 1403 1400 1416 1209 1113 1111 1112 1112 1160 1412 1432 1419 1415 1422 1423 1429 1430 1425 1433 1436 1433 1436 1438 1437 1440 1440
1418 1416 1417 1415 1413 1412 1409 1408 1406 1409 1406 1408 1398 1126 1076 1070 1068 1065 1058 1059 1061 1068 1070 1071 1070 1071 1075 1076 1079 1086 1086 1094 1105 1107 1113 1119 1143 1205 1388 1359 1141 1142 1145 1143 1141 1142 1135 1127 1098 1087 1117 1140 1124 1136 1136 1139 1139 1124 1124 1123 1130 1136 1138 1150 1392 1388 1385 1387 1388 1389 1391 1397 1395 1394 1395 1399 1402 1398 1137 1111 1110 1112 1135 1354 1432 1424 1423 1421 1426 1420 1429 1429 1422 1439 1437 1441 1436 1442 1436 1443 1443
1420 1418 1422 1415 1418 1414 1413 1414 1408 1401 1408 1407 1408 1375 1093 1072 1069 1067 1066 1063 1064 1064 1070 1077 1067 1065 1076 1078 1080 1087 1087 1097 1098 1107 1114 1121 1138 1161 1367 1358 1143 1142 1144 1146 1143 1142 1139 1125 1099 1097 1122 1141 1125 1129 1137 1143 1139 1130 1121 1123 1131 1136 1136 1148 1393 1390 1385 1386 1390 1392 1392 1391 1391 1399 1401 1402 1417 1335 1121 1110 1112 1112 1186 1423 1426 1420 1421 1420 1423 1426 1420 1432 1431 1438 1441 1439 1441 1441 1443 1446 1444
1422 1421 1416 1419 1422 1414 1415 1417 1413 1408 1410 1405 1408 1404 1215 1079 1076 1071 1067 1064 1064 1064 1070 1075 1070 1063 1074 1081 1081 1083 1091 1094 1099 1102 1115 1121 1134 1149 1339 1367 1149 1141 1144 1147 1144 1142 1138 1132 1104 1089 1109 1140 1128 1128 1136 1141 1142 1133 1118 1123 1130 1136 1139 1144 1391 1394 1387 1388 1385 1392 1398 1397 1397 1398 1395 1413 1412 1148 1115 1110 1111 1151 1398 1434 1423 1427 1427 1421 1432 1429 1431 1436 1434 1435 1435 1439 1439 1442 1442 1446 1449
1423 1423 1423 1417 1416 1417 1418 1411 1414 1413 1407 1411 1402 1409 1393 1125 1078 1078 1072 1065 1064 1069 1069 1067 1079 1064 1069 1076 1079 1080 1086 1099 1097 1105 1110 1118 1135 1145 1192 1363 1154 1140 1145 1145 1142 1144 1140 1132 1107 1085 1106 1138 1129 1124 1137 1140 1141 1128 1122 1123 1128 1135 1138 1142 1392 1395 1386 1390 1392 1393 1390 1399 1402 1398 1403 1414 1388 1136 1113 1110 1113 1370 1432 1419 1418 1422 1419 1429 1433 1436 1434 1434 1435 1444 1436 1444 1443 1443 1451 1445 1448
1425 1425 1425 1421 1419 1415 1418 1416 1411 1412 1411 1411 1408 1408 1410 1368 1092 1076 1071 1064 1062 1068 1067 1067 1076 1073 1064 1069 1076 1080 1082 1095 1096 1103 1114 1120 1129 1146 1159 1360 1180 1142 1147 1145 1145 1142 1138 1130 1116 1093 1105 1131 1127 1123 1134 1140 1137 1122 1118 1121 1127 1132 1135 1141 1387 1397 1389 1397 1400 1395 1399 1399 1401 1402 1416 1428 1331 1119 1110 1113 1170 1429 1429 1429 1425 1425 1429 1432 1433 1434 1440 1441 1441 1442 1443 1445 1444 1447 1451 1448 1450
1427 1428 1426 1424 1424 1419 1416 1418 1414 1416 1414 1406 1411 1408 1409 1408 1237 1082 1076 1073 1065 1065 1067 1071 1072 1066 1060 1064 1072 1080 1081 1092 1101 1110 1115 1119 1130 1144 1150 1332 1236 1145 1148 1146 1142 1141 1138 1133 1115 1089 1100 1124 1133 1124 1129 1138 1136 1122 1118 1121 1126 1132 1136 1139 1358 1414 1392 1402 1396 1400 1395 1403 1406 1404 1418 1420 1161 1114 1111 1114 1386 1434 1435 1424 1431 1431 1437 1434 1436 1438 1440 1440 1442 1445 1445 1446 1450 1450 1450 1448 1450
1425 1429 1424 1423 1424 1420 1422 1422 1415 1418 1419 1418 1409 1415 1411 1412 1400 1138 1076 1075 1067 1069 1073 1073 1069 1079 1074 1065 1070 1077 1085 1090 1092 1100 1112 1117 1129 1143 1150 1175 1223 1140 1150 1150 1146 1144 1138 1137 1119 1087 1099 1124 1135 1119 1118 1131 1130 1119 1120 1122 1127 1130 1134 1138 1210 1400 1399 1395 1399 1398 1404 1409 1408 1407 1420 1400 1134 1112 1115 1164 1424 1435 1426 1421 1429 1439 1436 1432 1439 1438 1440 1443 1445 1444 1448 1447 1447 1451 1454 1454 1458
1430 1430 1430 1426 1426 1420 1426 1424 1420 1421 1417 1415 1413 1416 1410 1411 1415 1387 1104 1076 1074 1072 1070 1064 1075 1071 1076 1062 1069 1074 1077 1085 1097 1097 1113 1114 1126 1137 1153 1152 1196 1138 1146 1149 1146 1146 1140 1139 1122 1095 1087 1123 1137 1123 1115 1127 1128 1121 1118 1125 1128 1130 1136 1138 1155 1392 1405 1397 1397 1404 1400 1400 1400 1415 1427 1354 1119 1114 1117 1363 1436 1436 1426 1429 1434 1436 1428 1436 1439 1436 1443 1444 1444 1446 1448 1448 1448 1450 1454 1457 1453
1431 1429 1428 1429 1430 1426 1425 1427 1426 1425 1428 1418 1420 1412 1414 1413 1416 1410 1347 1083 1075 1071 1067 1070 1071 1072 1078 1076 1064 1068 1075 1083 1091 1101 1107 1116 1121 1136 1152 1151 1187 1138 1148 1149 1147 1146 1143 1137 1122 1093 1091 1120 1137 1121 1115 1120 1120 1116 1115 1117 1127 1133 1133 1140 1144 1355 1409 1399 1394 1394 1405 1404 1409 1423 1430 1162 1116 1115 1146 1422 1439 1431 1432 1431 1430 1438 1437 1442 1444 1441 1445 1444 1447 1447 1456 1448 1448 1453 1453 1450 1452
1432 1432 1433 1429 1429 1426 1427 1431 1427 1428 1428 1420 1418 1419 1414 1421 1417 1421 1408 1171 1080 1075 1072 1067 1071 1074 1084 1084 1066 1070 1071 1083 1084 1100 1111 1117 1124 1134 1151 1153 1166 1150 1142 1151 1149 1150 1143 1137 1127 1094 1086 1123 1139 1126 1116 1117 1118 1118 1112 1122 1123 1128 1137 1140 1147 1207 1421 1401 1413 1409 1407 1406 1412 1430 1404 1136 1115 1117 1321 1438 1439 1426 1430 1433 1434 1434 1440 1442 1444 1445 1443 1453 1452 1453 1448 1451 1451 1454 1457 1461 1461
1434 1433 1434 1432 1426 1430 1432 1431 1431 1431 1429 1426 1422 1422 1417 1416 1413 1411 1418 1403 1141 1078 1073 1076 1074 1072 1077 1082 1075 1065 1066 1081 1079 1092 1107 1113 1118 1133 1143 1153 1154 1169 1138 1149 1152 1148 1144 1138 1128 1096 1093 1118 1141 1125 1091 1076 1114 1114 1112 1124 1123 1130 1133 1142 1144 1158 1417 1419 1414 1430 1415 1410 1415 1429 1384 1123 1109 1127 1409 1442 1440 1430 1435 1431 1437 1439 1442 1442 1444 1447 1449 1448 1451 1455 1454 1453 1456 1460 1457 1458 1462
1437 1436 1435 1434 1433 1429 1430 1426 1432 1426 1424 1426 1417 1424 1422 1426 1412 1417 1421 1422 1378 1090 1078 1071 1077 1078 1077 1083 1080 1073 1064 1068 1080 1092 1105 1108 1117 1127 1141 1155 1149 1170 1135 1150 1152 1150 1142 1139 1132 1104 1089 1115 1139 1126 1052 1027 1071 1108 1115 1119 1125 1126 1134 1140 1150 1149 1404 1419 1416 1410 1406 1406 1414 1434 1316 1119 1117 1194 1436 1444 1440 1439 1439 1438 1441 1444 1442 1445 1447 1446 1450 1449 1449 1452 1455 1454 1455 1456 1461 1460 1460
1437 1436 1433 1434 1434 1434 1433 1433 1432 1433 1429 1428 1429 1431 1425 1426 1420 1422 1420 1423 1413 1169 1082 1077 1074 1073 1080 1083 1083 1082 1067 1070 1076 1082 1095 1105 1120 1122 1137 1151 1154 1165 1134 1151 1147 1148 1145 1140 1133 1103 1091 1111 1130 1092 1029 1000 1030 1077 1106 1117 1123 1129 1135 1145 1150 1149 1395 1416 1401 1406 1404 1425 1429 1423 1163 1116 1119 1392 1445 1436 1432 1435 1440 1428 1438 1444 1448 1447 1446 1445 1448 1454 1453 1453 1451 1458 1459 1461 1460 1464 1460
1439 1438 1438 1435 1435 1435 1434 1432 1434 1431 1433 1427 1430 1426 1425 1426 1426 1424 1425 1415 1419 1402 1143 1078 1077 1077 1075 1074 1083 1084 1082 1066 1070 1078 1086 1101 1119 1126 1137 1148 1153 1155 1150 1143 1148 1147 1142 1139 1131 1107 1091 1095 1103 1053 1027 999 1023 1049 1099 1113 1125 1125 1136 1142 1150 1149 1386 1419 1413 1417 1408 1419 1434 1397 1132 1116 1160 1429 1441 1434 1441 1441 1441 1444 1445 1441 1449 1444 1444 1451 1452 1456 1454 1458 1459 1457 1453 1458 1463 1463 1466
1440 1439 1439 1437 1440 1436 1434 1438 1438 1433 1430 1433 1428 1432 1424 1427 1424 1423 1417 1421 1417 1424 1354 1085 1075 1078 1077 1078 1080 1084 1083 1087 1068 1078 1085 1095 1110 1123 1132 1142 1154 1155 1161 1143 1151 1147 1144 1138 1136 1108 1086 1097 1086 1039 1029 1002 1027 1031 1072 1114 1129 1128 1137 1145 1145 1151 1401 1413 1411 1407 1408 1424 1426 1239 1119 1118 1358 1445 1441 1439 1440 1440 1444 1451 1445 1448 1448 1448 1450 1453 1456 1454 1455 1455 1462 1457 1461 1463 1463 1463 1462
1442 1441 1441 1441 1440 1437 1435 1435 1435 1434 1436 1431 1432 1427 1427 1429 1431 1431 1424 1429 1423 1422 1411 1162 1077 1081 1078 1080 1083 1082 1092 1100 1083 1071 1082 1087 1111 1121 1125 1143 1155 1156 1160 1138 1154 1154 1149 1142 1135 1107 1088 1105 1061 1039 1035 1007 1004 1023 1052 1108 1124 1126 1130 1146 1150 1150 1397 1423 1409 1414 1413 1433 1389 1133 1112 1131 1413 1445 1442 1442 1440 1443 1443 1447 1447 1450 1451 1451 1452 1454 1454 1456 1456 1461 1461 1459 1465 1461 1466 1463 1465
1440 1443 1439 1441 1441 1440 1438 1441 1439 1438 1435 1433 1437 1439 1437 1437 1435 1427 1424 1425 1428 1429 1424 1264 1084 1080 1079 1076 1080 1092 1092 1101 1115 1084 1076 1082 1101 1116 1125 1138 1150 1153 1151 1131 1148 1154 1147 1144 1135 1110 1095 1094 1060 1044 1039 1010 1017 1028 1036 1083 1124 1132 1138 1143 1148 1151 1397 1423 1416 1407 1427 1426 1177 1122 1116 1188 1443 1446 1443 1443 1444 1445 1448 1450 1450 1455 1457 1455 1456 1458 1455 1460 1459 1459 1460 1462 1466 1464 1465 1467 1466
1443 1443 1444 1440 1440 1440 1438 1440 1440 1439 1437 1439 1437 1435 1435 1436 1430 1433 1432 1433 1423 1427 1425 1400 1138 1080 1079 1077 1077 1083 1086 1095 1116 1126 1086 1074 1085 1113 1123 1129 1147 1153 1147 1130 1149 1155 1145 1147 1136 1116 1092 1096 1051 1043 1034 1021 1017 1013 1020 1055 1118 1131 1136 1140 1147 1149 1397 1425 1417 1421 1434 1398 1134 1108 1118 1385 1450 1447 1441 1443 1445 1444 1450 1448 1450 1449 1453 1454 1456 1454 1462 1459 1462 1459 1466 1461 1466 1463 1470 1466 1466
1443 1442 1442 1442 1443 1441 1442 1440 1440 1440 1440 1439 1437 1438 1434 1436 1434 1435 1434 1427 1431 1427 1432 1422 1222 1083 1079 1082 1081 1081 1088 1094 1106 1135 1128 1085 1083 1096 1125 1128 1138 1150 1156 1138 1147 1155 1150 1146 1140 1119 1093 1091 1059 1049 1039 1021 1024 1020 1035 1048 1114 1133 1131 1141 1149 1149 1383 1429 1422 1431 1440 1310 1121 1110 1152 1433 1448 1443 1446 1447 1449 1445 1447 1452 1448 1454 1448 1455 1456 1452 1455 1459 1460 1460 1460 1463 1463 1465 1464 1465 1469
1444 1446 1446 1443 1440 1443 1442 1443 1444 1441 1440 1436 1437 1438 1437 1438 1435 1432 1433 1426 1427 1431 1427 1431 1394 1115 1083 1081 1079 1083 1084 1096 1098 1127 1137 1131 1100 1087 1114 1129 1133 1144 1157 1140 1140 1153 1151 1146 1139 1121 1093 1095 1062 1054 1044 1029 1027 1033 1030 1048 1097 1129 1132 1140 1149 1148 1386 1432 1429 1429 1433 1171 1118 1109 1238 1446 1447 1443 1444 1444 1456 1453 1449 1450 1447 1454 1456 1451 1458 1456 1459 1463 1461 1459 1464 1466 1467 1467 1470 1472 1469
1446 1445 1444 1444 1443 1442 1440 1441 1439 1439 1441 1440 1440 1433 1435 1436 1436 1435 1432 1436 1432 1430 1429 1433 1415 1167 1083 1081 1084 1086 1082 1089 1097 1113 1137 1137 1135 1100 1096 1124 1135 1143 1154 1144 1137 1148 1148 1147 1144 1126 1098 1099 1071 1055 1039 1026 1026 1035 1032 1049 1073 1128 1135 1142 1146 1149 1399 1434 1429 1440 1400 1137 1110 1119 1389 1445 1444 1440 1447 1447 1449 1447 1449 1450 1454 1452 1453 1458 1456 1457 1459 1464 1465 1463 1465 1467 1466 1467 1468 1474 1470
1448 1445 1445 1442 1443 1442 1444 1441 1442 1439 1440 1440 1441 1436 1439 1438 1434 1431 1436 1430 1435 1430 1433 1434 1427 1379 1116 1089 1085 1084 1084 1087 1095 1110 1133 1140 1142 1124 1084 1109 1130 1144 1149 1153 1136 1150 1148 1149 1142 1127 1098 1104 1077 1051 1040 1028 1028 1027 1043 1046 1057 1122 1136 1140 1147 1150 1402 1434 1425 1439 1345 1122 1106 1148 1436 1449 1445 1445 1446 1447 1449 1453 1451 1452 1454 1461 1456 1458 1460 1458 1459 1463 1460 1464 1466 1463 1465 1469 1470 1469 1471
1447 1448 1447 1447 1444 1444 1444 1442 1443 1443 1444 1441 1441 1440 1440 1441 1437 1438 1433 1435 1433 1431 1429 1430 1431 1418 1201 1089 1088 1083 1086 1090 1088 1097 1122 1138 1144 1135 1100 1085 1118 1139 1142 1154 1133 1148 1150 1143 1142 1130 1102 1107 1084 1053 1052 1038 1029 1034 1038 1044 1051 1115 1131 1141 1148 1150 1408 1432 1431 1433 1188 1116 1107 1239 1444 1447 1448 1442 1448 1449 1450 1446 1453 1454 1459 1456 1458 1461 1457 1464 1460 1462 1464 1465 1466 1466 1468 1469 1470 1470 1473
1450 1447 1450 1446 1446 1445 1445 1443 1444 1444 1441 1441 1441 1440 1441 1437 1440 1438 1436 1437 1434 1431 1432 1431 1429 1433 1399 1122 1086 1085 1089 1087 1089 1097 1108 1136 1141 1139 1117 1085 1094 1135 1138 1153 1142 1143 1148 1146 1142 1136 1103 1108 1102 1063 1048 1042 1040 1040 1040 1045 1051 1088 1134 1141 1147 1150 1428 1436 1439 1406 1135 1106 1118 1376 1448 1449 1442 1441 1444 1445 1448 1451 1454 1453 1453 1457 1457 1458 1463 1462 1463 1466 1463 1464 1466 1470 1470 1470 1471 1471 1475
1450 1451 1447 1447 1447 1446 1446 1449 1447 1443 1442 1443 1442 1441 1440 1441 1441 1439 1433 1437 1439 1438 1433 1433 1430 1432 1427 1259 1085 1095 1094 1092 1093 1102 1102 1117 1142 1142 1132 1091 1083 1106 1134 1153 1145 1139 1151 1145 1146 1137 1098 1111 1104 1066 1054 1044 1041 1043 1044 1049 1052 1080 1129 1139 1143 1181 1431 1440 1436 1328 1124 1106 1148 1430 1451 1448 1451 1444 1447 1453 1453 1455 1455 1457 1458 1460 1458 1460 1461 1461 1464 1464 1466 1467 1469 1467 1471 1472 1471 1472 1477
1449 1449 1449 1446 1447 1445 1447 1444 1444 1447 1444 1442 1442 1441 1441 1441 1438 1438 1439 1439 1437 1434 1435 1433 1432 1428 1433 1404 1137 1091 1095 1090 1100 1093 1093 1109 1135 1142 1138 1099 1085 1083 1109 1142 1153 1137 1145 1146 1146 1137 1108 1110 1114 1074 1058 1047 1043 1040 1047 1049 1043 1067 1123 1139 1145 1207 1440 1442 1435 1182 1109 1107 1252 1446 1450 1445 1448 1446 1446 1451 1453 1457 1453 1461 1458 1461 1459 1462 1461 1462 1464 1462 1464 1467 1469 1467 1473 1470 1473 1478 1475
1451 1450 1450 1448 1448 1446 1446 1446 1447 1445 1446 1443 1442 1443 1439 1441 1441 1440 1442 1439 1439 1435 1435 1432 1435 1431 1429 1429 1351 1101 1089 1092 1091 1101 1101 1103 1129 1141 1141 1117 1082 1085 1103 1136 1150 1131 1142 1145 1143 1136 1104 1112 1119 1090 1056 1056 1048 1049 1039 1047 1052 1064 1119 1139 1145 1232 1439 1446 1393 1138 1105 1117 1375 1453 1445 1452 1450 1451 1457 1456 1452 1456 1459 1459 1463 1456 1464 1459 1465 1464 1467 1467 1469 1468 1468 1471 1469 1468 1474 1474 1476
1453 1449 1451 1452 1447 1446 1447 1447 1448 1443 1444 1445 1444 1442 1442 1441 1442 1442 1440 1440 1440 1439 1437 1434 1434 1433 1433 1431 1424 1229 1097 1093 1094 1096 1098 1104 1111 1138 1141 1134 1090 1083 1097 1115 1145 1138 1138 1144 1143 1138 1110 1111 1121 1095 1060 1047 1047 1048 1050 1046 1050 1065 1106 1138 1144 1338 1437 1437 1299 1119 1095 1134 1424 1452 1449 1452 1450 1455 1449 1457 1456 1460 1458 1458 1463 1462 1460 1464 1465 1464 1467 1468 1466 1470 1467 1468 1472 1473 1473 1476 1479
1451 1452 1449 1451 1451 1450 1447 1449 1447 1447 1445 1446 1445 1444 1444 1442 1441 1442 1440 1441 1440 1438 1439 1435 1438 1433 1433 1431 1431 1402 1115 1096 1089 1095 1095 1102 1107 1129 1141 1141 1104 1084 1093 1109 1137 1142 1129 1144 1142 1138 1112 1114 1122 1108 1065 1050 1049 1042 1048 1049 1054 1053 1080 1136 1141 1356 1442 1434 1179 1108 1096 1173 1444 1453 1455 1452 1452 1452 1458 1455 1457 1458 1459 1458 1463 1465 1463 1464 1467 1470 1468 1468 1469 1470 1470 1470 1472 1472 1474 1472 1478
1453 1453 1452 1453 1449 1450 1451 1449 1448 1447 1447 1447 1446 1445 1443 1444 1444 1444 1443 1442 1441 1438 1437 1436 1438 1436 1432 1434 1432 1429 1258 1096 1095 1094 1098 1101 1109 1119 1135 1137 1119 1083 1085 1096 1120 1140 1116 1144 1143 1137 1111 1112 1126 1117 1066 1054 1052 1040 1050 1049 1054 1055 1076 1129 1140 1370 1444 1398 1137 1101 1102 1316 1455 1452 1447 1450 1451 1453 1456 1459 1458 1463 1462 1458 1461 1464 1462 1465 1469 1466 1468 1466 1467 1473 1470 1472 1473 1472 1475 1479 1482
1452 1451 1452 1448 1451 1451 1449 1448 1450 1448 1449 1445 1447 1445 1444 1444 1443 1442 1443 1443 1441 1440 1439 1439 1438 1435 1435 1435 1431 1434 1418 1128 1093 1093 1095 1101 1108 1109 1133 1139 1132 1087 1089 1099 1107 1132 1115 1142 1143 1138 1111 1111 1127 1116 1073 1058 1051 1052 1054 1051 1057 1055 1075 1120 1136 1379 1445 1341 1122 1097 1129 1411 1457 1450 1450 1452 1455 1452 1459 1461 1461 1462 1460 1461 1465 1469 1463 1466 1464 1469 1469 1468 1470 1474 1469 1476 1473 1476 1477 1478 1477
1453 1451 1453 1455 1452 1450 1449 1450 1453 1449 1448 1450 1448 1446 1446 1448 1447 1444 1442 1443 1443 1439 1439 1439 1437 1436 1436 1434 1434 1434 1433 1329 1095 1095 1099 1098 1098 1107 1123 1134 1135 1097 1083 1098 1100 1116 1123 1136 1144 1140 1123 1119 1130 1120 1078 1066 1057 1050 1057 1059 1054 1064 1061 1113 1151 1420 1443 1210 1114 1099 1161 1441 1453 1458 1457 1456 1457 1458 1460 1460 1461 1465 1464 1465 1465 1466 1469 1464 1468 1468 1468 1473 1472 1475 1473 1473 1475 1476 1479 1483 1481
1456 1454 1454 1454 1453 1451 1451 1451 1451 1450 1451 1449 1445 1445 1448 1446 1446 1442 1448 1444 1441 1441 1441 1442 1440 1437 1436 1435 1438 1433 1436 1426 1145 1096 1095 1101 1104 1102 1108 1134 1136 1115 1079 1092 1099 1099 1093 1118 1144 1138 1118 1116 1130 1126 1081 1059 1055 1050 1057 1059 1055 1061 1071 1100 1183 1427 1407 1152 1109 1104 1296 1451 1454 1455 1458 1453 1457 1459 1456 1463 1461 1465 1460 1466 1466 1468 1467 1467 1468 1469 1470 1471 1471 1471 1470 1472 1474 1478 1480 1478 1478
1456 1454 1454 1454 1454 1453 1451 1451 1450 1450 1449 1449 1448 1446 1447 1447 1444 1446 1446 1445 1443 1442 1441 1440 1441 1440 1438 1435 1435 1431 1434 1433 1351 1099 1097 1100 1102 1101 1108 1118 1137 1118 1084 1088 1101 1098 1093 1096 1138 1138 1121 1114 1133 1125 1082 1063 1058 1058 1058 1057 1053 1063 1062 1100 1260 1435 1348 1127 1103 1122 1385 1452 1454 1454 1456 1461 1458 1460 1457 1463 1464 1466 1466 1467 1466 1466 1468 1468 1470 1471 1469 1469 1470 1470 1471 1473 1475 1479 1478 1478 1479
1455 1455 1455 1454 1454 1451 1452 1452 1453 1452 1451 1449 1450 1449 1447 1445 1445 1445 1447 1445 1442 1441 1442 1442 1440 1442 1437 1437 1436 1433 1433 1433 1425 1167 1099 1098 1101 1099 1107 1114 1130 1132 1082 1081 1101 1098 1090 1078 1128 1136 1116 1117 1127 1126 1082 1060 1059 1055 1055 1061 1060 1059 1057 1089 1347 1412 1208 1116 1092 1155 1435 1458 1451 1456 1458 1459 1457 1460 1462 1463 1463 1465 1465 1464 1466 1467 1467 1469 1468 1471 1473 1471 1471 1475 1471 1476 1477 1477 1479 1480 1484
1456 1453 1456 1454 1453 1453 1451 1451 1451 1450 1450 1451 1449 1449 1447 1445 1447 1448 1447 1446 1440 1444 1444 1439 1440 1442 1439 1440 1439 1435 1434 1433 1431 1366 1099 1094 1099 1103 1100 1106 1117 1131 1099 1078 1082 1088 1091 1096 1124 1134 1123 1112 1123 1121 1087 1067 1064 1060 1058 1060 1060 1064 1066 1084 1347 1366 1141 1111 1095 1280 1447 1454 1451 1452 1457 1457 1459 1456 1461 1464 1464 1464 1464 1467 1465 1468 1467 1468 1470 1471 1471 1469 1469 1474 1473 1473 1476 1476 1481 1482 1479
1452 1454 1454 1452 1454 1454 1451 1452 1448 1452 1451 1448 1448 1449 1449 1448 1448 1446 1442 1445 1444 1443 1445 1442 1440 1440 1439 1437 1438 1437 1434 1435 1433 1423 1211 1093 1094 1099 1099 1107 1112 1130 1112 1071 1075 1072 1073 1077 1089 1105 1099 1105 1101 1108 1091 1067 1061 1052 1062 1057 1063 1069 1062 1075 1263 1228 1115 1100 1117 1368 1449 1453 1455 1453 1460 1459 1462 1460 1460 1461 1464 1464 1466 1467 1467 1470 1467 1469 1470 1469 1473 1476 1474 1473 1475 1472 1476 1478 1480 1483 1477
1455 1457 1455 1454 1453 1454 1453 1451 1450 1451 1449 1449 1449 1447 1450 1447 1448 1448 1446 1444 1444 1443 1444 1442 1443 1441 1439 1439 1440 1435 1434 1434 1435 1433 1406 1109 1097 1098 1102 1101 1114 1117 1118 1077 1081 1088 1076 1072 1073 1072 1071 1076 1084 1093 1084 1066 1060 1062 1063 1063 1059 1055 1067 1063 1151 1136 1115 1095 1137 1389 1451 1450 1457 1454 1458 1458 1459 1460 1463 1464 1463 1464 1466 1465 1469 1467 1465 1468 1469 1471 1471 1471 1475 1474 1475 1472 1477 1478 1477 1480 1481
1455 1455 1455 1455 1454 1453 1454 1454 1451 1449 1448 1450 1451 1448 1447 1449 1447 1448 1447 1447 1442 1445 1446 1442 1443 1440 1442 1440 1439 1436 1435 1434 1435 1434 1428 1279 1096 1098 1098 1106 1107 1108 1122 1084 1075 1091 1093 1091 1075 1069 1065 1072 1073 1090 1088 1061 1061 1065 1066 1065 1062 1062 1058 1051 1116 1108 1116 1091 1194 1441 1457 1449 1455 1456 1459 1458 1461 1458 1462 1463 1465 1464 1467 1461 1466 1465 1466 1469 1469 1473 1470 1469 1472 1471 1475 1477 1476 1480 1476 1479 1478
1456 1456 1458 1456 1453 1453 1454 1451 1452 1451 1450 1450 1448 1450 1449 1449 1449 1447 1447 1447 1447 1443 1443 1442 1443 1440 1441 1441 1439 1437 1438 1435 1436 1435 1432 1406 1141 1098 1100 1107 1105 1106 1115 1097 1068 1084 1089 1090 1090 1088 1070 1069 1079 1087 1081 1068 1064 1061 1059 1063 1064 1068 1065 1057 1080 1111 1109 1099 1315 1448 1452 1454 1455 1457 1460 1462 1462 1462 1463 1461 1463 1464 1465 1466 1466 1468 1468 1471 1468 1471 1468 1473 1471 1472 1474 1472 1472 1480 1476 1481 1477
1457 1455 1456 1455 1455 1455 1455 1453 1452 1452 1451 1451 1450 1451 1448 1447 1449 1447 1448 1445 1446 1443 1444 1443 1443 1441 1441 1439 1439 1435 1437 1437 1435 1434 1434 1429 1291 1096 1100 1099 1101 1103 1110 1108 1070 1078 1091 1096 1088 1095 1078 1073 1079 1076 1081 1071 1053 1053 1055 1064 1062 1065 1069 1064 1075 1110 1096 1115 1349 1449 1453 1449 1458 1455 1458 1460 1460 1463 1461 1464 1463 1465 1466 1462 1468 1467 1466 1468 1466 1468 1469 1472 1467 1469 1470 1476 1472 1475 1476 1481 1476
1456 1455 1456 1456 1454 1454 1453 1454 1453 1452 1452 1452 1452 1450 1450 1449 1450 1449 1445 1445 1445 1443 1444 1444 1442 1442 1441 1442 1440 1435 1436 1437 1439 1434 1433 1432 1398 1144 1098 1092 1102 1104 1104 1107 1072 1076 1081 1093 1092 1088 1084 1089 1084 1087 1079 1070 1062 1063 1062 1061 1066 1066 1070 1064 1089 1110 1085 1110 1190 1338 1441 1456 1458 1459 1460 1460 1462 1459 1463 1460 1463 1459 1462 1464 1465 1465 1464 1464 1466 1465 1464 1465 1465 1466 1467 1470 1474 1468 1469 1472 1469
1456 1455 1454 1454 1455 1454 1455 1453 1453 1452 1451 1449 1450 1449 1450 1449 1448 1447 1447 1446 1448 1445 1446 1445 1444 1444 1440 1441 1438 1438 1435 1435 1436 1435 1435 1433 1428 1285 1089 1095 1099 1100 1102 1099 1083 1066 1080 1090 1087 1088 1088 1089 1089 1089 1083 1074 1063 1061 1057 1062 1065 1067 1064 1067 1089 1107 1070 1091 1117 1148 1223 1293 1396 1429 1440 1435 1433 1437 1444 1456 1447 1450 1450 1449 1458 1449 1457 1450 1452 1446 1451 1461 1463 1458 1447 1457 1466 1464 1463 1463 1460
1456 1459 1455 1455 1454 1456 1454 1454 1452 1451 1453 1450 1450 1450 1449 1449 1446 1446 1445 1445 1444 1445 1446 1444 1443 1441 1440 1437 1438 1437 1435 1436 1435 1430 1429 1416 1321 1187 1081 1085 1096 1100 1102 1096 1089 1069 1068 1086 1093 1076 1083 1085 1096 1089 1086 1073 1060 1061 1063 1067 1068 1064 1072 1072 1084 1093 1063 1093 1108 1112 1138 1159 1256 1418 1446 1450 1453 1446 1453 1462 1459 1455 1460 1462 1456 1459 1465 1463 1463 1465 1461 1463 1467 1469 1466 1466 1467 1469 1468 1470 1472
1454 1453 1453 1451 1454 1451 1449 1449 1452 1448 1448 1446 1448 1446 1445 1445 1443 1443 1442 1443 1441 1439 1440 1435 1436 1435 1435 1429 1424 1425 1428 1421 1421 1422 1409 1283 1155 1108 1094 1071 1093 1097 1100 1095 1080 1059 1063 1084 1082 1078 1072 1085 1084 1085 1084 1075 1063 1054 1059 1068 1062 1067 1063 1064 1078 1078 1060 1091 1100 1105 1127 1132 1211 1387 1457 1455 1455 1463 1458 1459 1457 1461 1460 1458 1461 1463 1462 1464 1466 1465 1462 1464 1466 1466 1464 1466 1468 1465 1469 1469 1468
1445 1440 1444 1446 1447 1435 1441 1442 1444 1441 1446 1441 1445 1445 1441 1445 1439 1443 1443 1442 1444 1442 1440 1441 1438 1439 1440 1439 1436 1434 1436 1433 1432 1429 1419 1231 1125 1098 1090 1077 1084 1093 1102 1097 1087 1064 1047 1070 1084 1078 1072 1077 1082 1083 1079 1069 1058 1056 1061 1065 1067 1066 1067 1067 1076 1071 1067 1087 1099 1100 1106 1113 1147 1297 1442 1454 1455 1453 1455 1455 1451 1457 1460 1464 1459 1460 1457 1456 1457 1456 1457 1463 1465 1466 1466 1465 1464 1467 1467 1466 1469
1450 1446 1451 1447 1450 1450 1446 1446 1447 1447 1448 1446 1447 1445 1445 1445 1443 1444 1441 1443 1443 1442 1442 1440 1440 1440 1436 1437 1433 1433 1433 1432 1429 1427 1394 1173 1108 1097 1081 1074 1050 1087 1097 1100 1093 1060 1036 1059 1080 1077 1072 1071 1075 1075 1071 1071 1054 1050 1059 1063 1063 1062 1068 1066 1070 1060 1069 1089 1087 1088 1103 1109 1148 1275 1450 1451 1454 1449 1454 1455 1460 1456 1454 1455 1459 1453 1461 1462 1459 1459 1460 1455 1460 1464 1463 1467 1462 1464 1462 1466 1465
1445 1446 1445 1444 1448 1447 1446 1448 1446 1446 1446 1447 1447 1446 1443 1443 1444 1443 1444 1444 1440 1439 1439 1437 1438 1438 1436 1435 1436 1431 1431 1427 1429 1429 1384 1163 1098 1077 1072 1076 1062 1079 1099 1098 1092 1070 1043 1046 1075 1079 1072 1060 1064 1069 1075 1060 1054 1053 1058 1062 1064 1067 1061 1063 1061 1059 1071 1080 1088 1091 1093 1103 1155 1318 1444 1448 1444 1452 1446 1454 1451 1456 1446 1454 1452 1459 1457 1456 1459 1458 1458 1457 1457 1456 1465 1460 1460 1462 1457 1466 1464
1447 1446 1445 1447 1448 1449 1447 1445 1447 1446 1445 1446 1444 1444 1442 1445 1442 1442 1440 1441 1440 1438 1440 1438 1437 1436 1436 1433 1433 1432 1426 1428 1429 1428 1403 1167 1089 1079 1066 1066 1065 1042 1088 1097 1095 1079 1036 1029 1066 1075 1068 1061 1065 1065 1064 1059 1046 1051 1060 1070 1062 1062 1064 1056 1056 1046 1067 1078 1072 1079 1085 1105 1168 1389 1447 1447 1453 1446 1448 1449 1458 1453 1453 1453 1452 1449 1452 1454 1454 1454 1452 1459 1459 1458 1457 1459 1456 1458 1454 1460 1455
1446 1446 1443 1443 1444 1446 1444 1444 1442 1443 1443 1442 1442 1445 1440 1443 1440 1441 1436 1441 1434 1439 1436 1432 1429 1436 1435 1431 1429 1426 1428 1426 1425 1425 1414 1258 1096 1074 1068 1056 1056 1051 1065 1096 1090 1088 1048 1038 1057 1079 1074 1067 1072 1054 1063 1062 1054 1042 1059 1064 1069 1065 1060 1059 1058 1046 1068 1077 1078 1071 1076 1103 1262 1427 1434 1433 1436 1442 1448 1450 1436 1451 1451 1453 1447 1453 1450 1444 1449 1453 1446 1450 1455 1454 1449 1448 1455 1458 1451 1447 1457
1442 1440 1443 1443 1439 1441 1444 1443 1442 1436 1443 1442 1441 1437 1443 1441 1439 1437 1434 1440 1437 1434 1434 1435 1434 1431 1429 1428 1427 1421 1424 1424 1425 1423 1414 1338 1127 1064 1046 1039 1057 1060 1038 1081 1092 1086 1048 1034 1051 1072 1074 1072 1070 1048 1056 1054 1048 1037 1048 1065 1065 1065 1062 1045 1042 1041 1057 1052 1057 1043 1062 1181 1417 1426 1430 1444 1429 1437 1435 1440 1441 1448 1437 1442 1446 1441 1441 1453 1451 1442 1449 1446 1451 1446 1447 1448 1453 1450 1448 1441 1445
1438 1438 1437 1440 1437 1430 1439 1440 1441 1441 1435 1436 1438 1432 1435 1439 1433 1430 1437 1439 1424 1431 1425 1425 1433 1424 1431 1422 1422 1422 1425 1426 1419 1421 1391 1415 1289 1103 1040 1016 1016 1019 1014 1036 1081 1083 1054 1025 1027 1053 1069 1076 1071 1050 1042 1036 1037 1037 1037 1058 1059 1051 1021 1019 1028 1014 1003 1006 1018 1038 1101 1253 1435 1417 1407 1407 1426 1416 1411 1433 1431 1432 1435 1435 1432 1439 1439 1441 1439 1435 1447 1446 1444 1447 1439 1444 1442 1439 1438 1441 1448
1435 1435 1429 1431 1434 1437 1435 1432 1429 1426 1427 1431 1431 1433 1435 1430 1434 1434 1431 1420 1428 1428 1426 1421 1419 1426 1423 1423 1413 1421 1419 1414 1413 1390 1397 1394 1335 1193 1074 1029 1008 1003 1000 1000 1005 1008 1003 1011 996 1013 1021 1053 1045 1016 1021 1007 1010 1001 999 1002 1000 998 991 991 993 990 1000 1011 1035 1071 1117 1282 1406 1423 1411 1410 1419 1415 1399 1417 1415 1422 1424 1422 1423 1429 1424 1440 1430 1429 1435 1442 1426 1438 1438 1430 1442 1441 1434 1435 1433
1426 1434 1429 1425 1429 1424 1424 1422 1426 1427 1427 1420 1431 1430 1425 1419 1416 1421 1421 1418 1424 1419 1421 1412 1402 1420 1410 1420 1416 1414 1402 1419 1402 1406 1384 1371 1350 1231 1089 1054 1028 1008 994 991 992 990 991 990 990 991 991 990 992 991 998 992 990 991 991 990 990 991 991 991 998 998 1006 1022 1055 1074 1138 1283 1396 1404 1391 1394 1365 1421 1390 1409 1400 1406 1425 1410 1405 1408 1413 1414 1417 1420 1424 1420 1433 1422 1438 1414 1430 1417 1420 1436 1429
1419 1426 1415 1408 1424 1425 1415 1424 1410 1415 1429 1407 1414 1416 1410 1412 1425 1405 1418 1414 1408 1407 1418 1407 1411 1398 1411 1395 1402 1396 1401 1400 1386 1370 1357 1360 1357 1262 1098 1062 1026 1024 1004 992 997 990 992 993 990 989 986 990 990 991 991 990 991 991 991 991 991 991 991 991 991 1013 1004 1021 1053 1080 1143 1300 1391 1363 1377 1383 1391 1372 1383 1383 1397 1405 1411 1407 1407 1398 1397 1412 1407 1425 1414 1417 1411 1405 1418 1399 1403 1399 1414 1411 1414
1416 1422 1422 1415 1410 1417 1407 1408 1413 1414 1420 1407 1403 1404 1401 1412 1407 1407 1410 1403 1395 1398 1401 1404 1408 1396 1395 1387 1376 1387 1383 1388 1356 1357 1354 1362 1345 1256 1125 1070 1043 1012 1006 1002 1001 993 992 991 992 991 992 992 991 991 991 991 991 990 992 991 990 992 992 996 1000 1006 1008 1021 1037 1093 1152 1315 1358 1367 1366 1364 1369 1370 1374 1370 1363 1385 1385 1385 1383 1390 1388 1404 1396 1405 1403 1395 1402 1407 1382 1396 1391 1390 1395 1415 1398
1405 1400 1402 1398 1408 1393 1408 1405 1402 1394 1389 1396 1395 1397 1402 1390 1394 1387 1386 1390 1391 1384 1378 1386 1392 1387 1384 1391 1376 1379 1378 1354 1352 1347 1339 1340 1338 1287 1112 1062 1028 1017 1007 999 993 994 992 994 992 992 991 990 992 991 992 991 990 992 990 992 996 991 993 992 999 1005 1011 1020 1041 1085 1146 1314 1359 1352 1364 1356 1354 1357 1353 1365 1361 1372 1366 1367 1364 1392 1388 1395 1393 1393 1392 1388 1389 1394 1367 1378 1386 1394 1379 1389 1388
1394 1404 1388 1393 1389 1398 1382 1371 1379 1379 1396 1385 1376 1387 1383 1399 1385 1372 1382 1362 1370 1377 1374 1369 1359 1369 1368 1364 1354 1346 1341 1347 1337 1342 1336 1318 1347 1281 1138 1072 1037 1016 1009 1006 998 994 993 993 990 993 992 992 991 993 991 992 990 992 991 995 992 993 994 993 1001 996 1007 1014 1049 1074 1179 1321 1345 1346 1347 1346 1358 1349 1352 1350 1354 1358 1359 1358 1377 1361 1367 1369 1364 1366 1368 1359 1363 1372 1383 1365 1374 1363 1361 1367 1366
1378 1381 1380 1380 1381 1373 1380 1380 1387 1370 1370 1374 1365 1370 1370 1374 1364 1354 1369 1360 1360 1349 1362 1363 1350 1345 1344 1346 1343 1332 1322 1320 1332 1319 1315 1311 1320 1296 1164 1078 1030 1028 1010 1005 998 998 995 993 992 992 992 993 992 992 992 991 991 993 993 991 992 992 992 991 997 1000 1011 1030 1054 1088 1177 1320 1338 1341 1339 1341 1341 1338 1345 1347 1355 1340 1343 1350 1353 1354 1358 1344 1353 1349 1353 1361 1360 1351 1354 1363 1360 1359 1361 1363 1370
1368 1362 1366 1370 1374 1356 1345 1354 1367 1366 1365 1340 1363 1353 1363 1341 1356 1344 1331 1338 1341 1350 1350 1340 1332 1363 1334 1324 1332 1327 1322 1310 1313 1308 1297 1311 1315 1285 1187 1076 1045 1028 1013 1013 1001 995 995 995 994 993 992 992 992 992 992 991 991 992 992 992 992 992 992 992 999 1011 1011 1029 1048 1084 1179 1311 1337 1323 1334 1320 1337 1343 1339 1337 1331 1343 1345 1353 1342 1330 1349 1344 1337 1348 1346 1349 1346 1341 1341 1344 1346 1344 1345 1352 1356
1354 1353 1353 1350 1351 1352 1338 1343 1347 1340 1346 1343 1347 1336 1342 1344 1341 1330 1330 1328 1324 1330 1332 1330 1326 1322 1321 1318 1315 1319 1315 1308 1311 1305 1298 1302 1292 1298 1188 1087 1041 1020 1012 1004 994 1001 995 995 994 992 993 992 997 991 992 992 992 992 992 993 992 992 992 995 1004 1000 1010 1028 1055 1085 1172 1327 1334 1311 1316 1329 1324 1327 1326 1321 1323 1325 1330 1329 1330 1339 1332 1341 1332 1334 1335 1326 1330 1336 1321 1327 1332 1337 1343 1339 1337
1340 1346 1333 1336 1335 1350 1325 1341 1329 1334 1319 1337 1338 1332 1331 1324 1318 1331 1309 1321 1322 1317 1322 1316 1322 1319 1311 1313 1303 1306 1303 1298 1287 1292 1284 1293 1280 1295 1180 1082 1061 1029 1012 1003 1001 995 995 995 991 994 994 992 992 992 992 993 991 992 992 992 992 992 996 1002 997 1002 1008 1027 1052 1091 1194 1303 1302 1311 1306 1313 1305 1316 1321 1322 1317 1318 1323 1323 1316 1316 1328 1316 1326 1322 1325 1322 1325 1318 1313 1328 1319 1324 1322 1330 1325
1333 1330 1331 1326 1329 1326 1322 1325 1321 1323 1322 1325 1322 1313 1318 1319 1313 1319 1315 1307 1321 1315 1316 1309 1314 1307 1310 1296 1308 1290 1290 1295 1294 1283 1276 1271 1265 1291 1203 1090 1049 1014 1009 1004 1002 1003 999 997 994 994 992 994 994 993 992 991 991 992 992 993 994 995 992 997 998 1008 1009 1014 1054 1088 1192 1297 1292 1279 1294 1302 1304 1301 1301 1310 1299 1313 1311 1312 1313 1308 1319 1310 1314 1318 1316 1312 1310 1307 1310 1309 1312 1314 1318 1311 1310
1322 1320 1315 1333 1310 1317 1314 1310 1307 1309 1311 1316 1299 1321 1310 1303 1307 1312 1294 1309 1305 1309 1307 1303 1303 1295 1292 1294 1282 1292 1278 1276 1272 1270 1278 1260 1275 1281 1218 1092 1050 1033 1008 1005 1003 1002 995 997 995 994 994 994 994 992 991 992 993 993 993 993 992 993 1000 1002 1002 1006 1007 1030 1046 1107 1218 1291 1282 1282 1278 1293 1271 1292 1289 1293 1299 1300 1296 1304 1309 1305 1312 1307 1300 1308 1309 1307 1312 1299 1301 1316 1309 1306 1307 1308 1305
1299 1307 1312 1294 1307 1305 1301 1301 1298 1308 1308 1307 1305 1309 1290 1313 1293 1296 1287 1292 1299 1278 1281 1287 1288 1290 1282 1287 1285 1288 1276 1272 1262 1239 1251 1253 1254 1266 1219 1100 1049 1030 1009 1003 1000 1005 999 996 995 994 996 993 993 992 993 992 993 994 992 992 998 994 992 992 1002 1004 1009 1022 1062 1108 1218 1269 1277 1282 1263 1276 1279 1267 1287 1284 1291 1286 1293 1291 1293 1293 1292 1302 1294 1299 1290 1291 1287 1297 1301 1287 1295 1298 1301 1296 1305
1299 1282 1290 1291 1292 1296 1290 1289 1284 1287 1295 1290 1285 1288 1279 1289 1278 1290 1285 1290 1287 1275 1282 1272 1284 1273 1281 1271 1258 1264 1260 1254 1259 1242 1249 1239 1245 1267 1234 1106 1061 1024 1011 1009 1003 999 996 1000 996 998 996 995 992 994 993 994 993 994 991 993 994 996 991 1000 1000 1006 1006 1026 1048 1105 1221 1272 1260 1263 1263 1260 1258 1265 1262 1267 1267 1281 1271 1290 1283 1279 1286 1274 1286 1285 1286 1291 1280 1288 1283 1290 1284 1283 1280 1288 1285
1277 1283 1277 1278 1277 1285 1280 1277 1275 1275 1280 1278 1271 1279 1269 1279 1285 1266 1276 1279 1275 1273 1267 1266 1265 1263 1251 1267 1254 1262 1259 1235 1245 1245 1235 1231 1232 1231 1232 1113 1048 1034 1021 1003 1005 1001 995 998 995 995 995 994 994 993 993 993 993 992 993 993 992 995 996 993 1001 1008 1013 1021 1057 1098 1198 1252 1257 1245 1247 1256 1258 1256 1257 1258 1260 1262 1274 1270 1263 1272 1270 1269 1274 1271 1273 1279 1280 1277 1277 1274 1277 1283 1280 1274 1279
1270 1266 1267 1270 1266 1266 1261 1265 1270 1266 1270 1275 1266 1268 1266 1271 1259 1264 1268 1265 1266 1260 1264 1252 1256 1241 1250 1246 1249 1239 1233 1231 1227 1233 1226 1226 1225 1224 1217 1131 1064 1040 1013 1011 1002 1000 997 995 994 994 994 995 995 994 994 994 993 993 993 993 995 1000 997 1000 1001 1004 1013 1020 1059 1105 1224 1244 1243 1244 1248 1249 1245 1251 1239 1247 1258 1256 1257 1262 1258 1257 1261 1261 1269 1261 1266 1262 1265 1272 1277 1256 1267 1264 1271 1264 1262
1262 1260 1262 1258 1264 1256 1253 1255 1258 1252 1256 1251 1260 1251 1255 1254 1257 1267 1261 1252 1245 1245 1252 1242 1242 1236 1241 1227 1230 1224 1222 1219 1224 1209 1208 1217 1222 1211 1219 1133 1073 1034 1014 1007 999 1002 996 995 995 997 997 993 993 993 992 994 993 993 993 993 994 997 998 998 1002 1009 1009 1031 1056 1113 1191 1230 1239 1237 1223 1239 1234 1241 1233 1232 1246 1249 1251 1251 1262 1254 1251 1251 1255 1252 1254 1254 1257 1249 1254 1251 1255 1260 1262 1253 1254
1255 1244 1256 1257 1249 1254 1254 1254 1245 1250 1250 1251 1249 1238 1240 1249 1246 1250 1245 1254 1238 1242 1238 1243 1226 1228 1218 1226 1216 1215 1219 1208 1217 1200 1207 1199 1206 1214 1212 1138 1063 1037 1018 1009 1004 998 995 998 993 995 994 995 994 993 992 992 993 993 996 995 992 998 996 997 1000 1004 1010 1040 1045 1107 1144 1148 1203 1240 1222 1237 1239 1229 1236 1236 1243 1245 1250 1243 1245 1241 1254 1246 1251 1248 1248 1249 1248 1253 1247 1255 1241 1248 1245 1251 1248
1246 1250 1242 1248 1246 1243 1249 1247 1246 1236 1236 1237 1239 1238 1239 1240 1239 1234 1235 1230 1241 1223 1226 1224 1214 1218 1218 1211 1206 1202 1200 1195 1210 1188 1204 1182 1183 1189 1204 1142 1066 1039 1013 1010 1003 999 1002 996 994 997 994 993 993 994 992 994 992 993 993 994 996 994 1001 1001 1003 1006 1013 1026 1076 1098 1118 1101 1136 1185 1221 1213 1218 1212 1227 1228 1231 1226 1235 1223 1230 1229 1242 1228 1236 1237 1230 1228 1243 1243 1236 1238 1233 1236 1224 1239 1237
1221 1229 1220 1233 1240 1239 1219 1239 1231 1229 1230 1228 1225 1226 1221 1229 1223 1222 1221 1223 1226 1221 1215 1224 1210 1211 1208 1202 1188 1180 1186 1185 1176 1173 1172 1191 1181 1190 1160 1135 1079 1026 1019 1016 1010 997 998 997 996 994 994 993 993 993 993 995 993 993 997 996 997 995 998 1004 1001 1005 1009 1032 1069 1102 1106 1099 1097 1138 1194 1213 1207 1209 1194 1200 1214 1214 1217 1218 1225 1222 1215 1213 1228 1215 1235 1233 1229 1233 1223 1223 1231 1231 1221 1212 1227
1213 1215 1235 1213 1209 1231 1227 1216 1222 1220 1220 1213 1217 1219 1213 1224 1212 1213 1210 1212 1213 1221 1210 1194 1202 1185 1184 1178 1162 1176 1167 1178 1172 1167 1162 1162 1172 1153 1114 1112 1079 1034 1014 1004 1003 1002 1000 994 995 993 994 995 996 996 993 993 994 993 993 993 994 999 996 1003 999 1004 1016 1023 1058 1085 1102 1093 1100 1112 1150 1203 1211 1193 1196 1194 1190 1200 1196 1202 1212 1203 1197 1213 1212 1201 1203 1219 1205 1215 1221 1194 1212 1199 1224 1198 1215
1212 1209 1214 1209 1211 1202 1209 1212 1208 1211 1207 1207 1207 1199 1209 1206 1190 1203 1193 1189 1203 1204 1190 1178 1179 1180 1172 1180 1169 1159 1149 1156 1157 1151 1147 1146 1138 1121 1084 1094 1077 1048 1028 1010 1009 1000 999 1001 994 998 994 993 992 995 996 993 993 993 993 993 996 996 1000 1002 1002 1007 1014 1024 1051 1084 1094 1088 1088 1100 1135 1174 1185 1196 1184 1180 1187 1189 1186 1200 1192 1198 1201 1201 1201 1194 1202 1184 1187 1203 1193 1206 1191 1202 1193 1195 1202
1210 1188 1202 1187 1184 1193 1193 1206 1194 1201 1203 1206 1188 1185 1181 1189 1187 1187 1180 1183 1192 1185 1177 1173 1161 1170 1154 1149 1146 1157 1149 1148 1142 1139 1137 1145 1152 1100 1082 1090 1088 1042 1021 1004 1009 1005 1005 996 998 993 997 994 994 995 992 995 993 993 993 994 997 1000 998 1001 999 1007 1021 1033 1062 1088 1089 1085 1086 1094 1120 1156 1173 1167 1175 1168 1177 1178 1189 1170 1179 1178 1182 1179 1188 1185 1196 1181 1186 1190 1188 1188 1189 1197 1200 1200 1189
1192 1197 1187 1178 1174 1184 1185 1188 1176 1173 1173 1179 1170 1183 1183 1192 1175 1178 1169 1172 1176 1164 1161 1161 1161 1151 1145 1145 1138 1129 1151 1148 1138 1144 1131 1136 1131 1084 1074 1076 1075 1041 1012 1009 1006 1003 999 998 1000 994 993 996 993 993 993 993 993 992 993 993 995 995 997 1002 1006 1006 1016 1022 1061 1087 1088 1088 1081 1089 1120 1131 1158 1152 1160 1161 1164 1169 1175 1179 1179 1164 1179 1179 1173 1169 1182 1176 1180 1182 1183 1175 1198 1181 1174 1175 1184
1172 1165 1181 1172 1174 1173 1161 1167 1171 1164 1165 1167 1169 1160 1174 1167 1164 1159 1171 1165 1161 1152 1152 1147 1152 1146 1138 1135 1125 1132 1131 1135 1136 1135 1130 1125 1109 1064 1072 1056 1059 1059 1021 1008 1005 1002 1003 1001 996 996 997 993 993 993 993 995 996 995 993 993 998 997 997 996 1005 1006 1007 1035 1072 1083 1087 1085 1087 1089 1091 1115 1149 1141 1143 1147 1156 1148 1164 1163 1168 1164 1164 1160 1176 1169 1172 1167 1170 1172 1172 1171 1176 1169 1167 1178 1178
1159 1168 1170 1170 1163 1164 1153 1164 1163 1150 1157 1158 1173 1161 1164 1161 1159 1160 1156 1149 1149 1147 1145 1143 1144 1138 1131 1121 1127 1126 1126 1119 1124 1123 1122 1114 1103 1073 1054 1061 1068 1043 1016 1011 1014 1000 998 998 995 994 996 997 996 993 996 994 996 994 994 997 998 997 994 1000 1004 1002 1019 1032 1060 1090 1083 1084 1075 1087 1087 1115 1138 1132 1135 1137 1149 1140 1146 1155 1153 1162 1156 1164 1141 1166 1165 1164 1161 1166 1171 1155 1167 1165 1172 1161 1175
1156 1154 1161 1147 1158 1148 1163 1157 1154 1156 1150 1151 1162 1145 1145 1146 1157 1144 1146 1142 1143 1142 1130 1137 1126 1125 1121 1128 1118 1120 1117 1111 1110 1101 1105 1104 1093 1061 1058 1053 1041 1032 1017 1010 1001 1002 1000 995 998 993 999 993 994 997 993 998 995 995 994 993 996 996 996 999 1003 1006 1025 1044 1042 1060 1045 1079 1072 1082 1084 1122 1122 1118 1123 1127 1139 1136 1136 1143 1142 1142 1133 1145 1145 1155 1158 1152 1151 1146 1146 1163 1153 1167 1150 1165 1163
1159 1153 1145 1146 1144 1148 1143 1146 1147 1154 1146 1145 1146 1141 1145 1141 1151 1143 1143 1139 1136 1139 1123 1126 1122 1113 1117 1114 1101 1116 1105 1114 1110 1097 1092 1082 1081 1060 1041 1037 1053 1037 1023 1003 1002 1001 1007 994 996 997 995 994 993 993 993 993 993 994 997 993 993 1001 994 1003 996 1005 1017 1024 1046 1056 1066 1067 1032 1052 1092 1106 1111 1116 1112 1125 1125 1122 1126 1139 1132 1133 1137 1142 1137 1150 1138 1139 1149 1147 1146 1150 1147 1136 1151 1150 1150
1146 1152 1149 1143 1149 1142 1141 1143 1136 1143 1144 1148 1150 1142 1142 1141 1135 1133 1138 1121 1118 1120 1118 1110 1098 1099 1098 1101 1090 1101 1091 1083 1082 1086 1090 1076 1072 1059 1028 1024 1028 1014 1019 1012 1010 1003 1003 993 995 993 993 995 994 996 993 992 997 993 993 995 1000 995 999 999 1000 1011 1024 1042 1045 1042 1048 1028 1027 1063 1088 1092 1103 1105 1116 1113 1117 1115 1125 1125 1122 1133 1131 1131 1130 1132 1141 1141 1136 1139 1132 1135 1137 1148 1140 1140 1144
1144 1143 1139 1144 1143 1143 1131 1133 1132 1139 1131 1128 1126 1138 1137 1123 1133 1125 1127 1117 1112 1112 1106 1096 1106 1097 1095 1087 1089 1082 1077 1079 1084 1085 1064 1072 1048 1053 1036 1009 1001 1008 1015 1017 1009 1001 1004 1005 1000 993 996 993 992 995 993 993 993 993 997 994 993 995 1001 1001 1006 1007 1021 1018 1017 1020 1010 1019 1045 1060 1082 1090 1105 1111 1104 1105 1105 1109 1110 1117 1110 1124 1119 1132 1125 1134 1133 1130 1129 1130 1128 1128 1129 1137 1141 1140 1134
1138 1132 1138 1133 1127 1126 1129 1137 1140 1131 1139 1128 1130 1128 1129 1120 1125 1122 1120 1110 1114 1097 1097 1103 1099 1090 1094 1091 1084 1079 1083 1074 1063 1067 1068 1061 1047 1038 1036 1024 1014 1007 999 999 1002 1001 1007 997 1000 995 998 995 993 994 993 995 996 996 995 993 992 1000 996 999 1001 998 998 1001 1002 1001 1008 1035 1038 1056 1058 1077 1097 1099 1103 1098 1102 1099 1105 1099 1108 1111 1112 1125 1109 1118 1117 1128 1122 1126 1129 1123 1130 1130 1132 1133 1133
1135 1132 1138 1128 1131 1130 1131 1131 1134 1118 1120 1116 1120 1119 1127 1120 1116 1113 1105 1102 1104 1091 1088 1096 1072 1083 1077 1071 1068 1066 1069 1060 1066 1056 1062 1055 1040 1044 1025 1025 1014 1010 1001 993 995 993 994 993 992 995 992 995 992 993 993 992 992 994 993 995 998 992 995 993 993 992 995 997 1004 1016 1014 1026 1035 1052 1054 1064 1088 1098 1097 1101 1097 1096 1100 1103 1100 1104 1110 1110 1115 1115 1119 1114 1119 1124 1122 1124 1120 1125 1121 1128 1126
1127 1129 1128 1122 1126 1123 1121 1125 1121 1125 1116 1112 1115 1114 1114 1117 1111 1102 1099 1093 1098 1084 1077 1073 1074 1077 1069 1062 1057 1059 1069 1067 1047 1047 1056 1045 1039 1032 1033 1024 1020 1012 1008 1004 999 993 992 992 992 992 992 992 991 992 992 992 992 992 991 992 992 991 992 992 992 996 997 1008 1010 1008 1015 1013 1017 1035 1036 1062 1086 1092 1091 1095 1096 1099 1104 1099 1102 1099 1103 1104 1111 1112 1108 1110 1113 1116 1113 1110 1112 1121 1120 1126 1121
1120 1119 1125 1115 1115 1119 1127 1114 1117 1117 1119 1120 1108 1109 1104 1099 1103 1104 1099 1087 1085 1084 1070 1067 1062 1064 1062 1051 1056 1055 1055 1048 1047 1042 1038 1032 1036 1034 1022 1014 1013 999 1004 1004 1002 1002 1001 993 993 992 992 992 992 990 991 991 991 992 992 992 992 993 994 1000 994 1004 1001 1005 1009 1005 1015 1007 1024 1028 1041 1061 1088 1092 1088 1095 1094 1093 1097 1101 1097 1104 1104 1103 1104 1105 1108 1110 1112 1109 1112 1114 1114 1116 1108 1122 1118
1123 1115 1127 1116 1116 1114 1116 1115 1122 1108 1109 1107 1106 1103 1107 1100 1094 1087 1089 1072 1071 1064 1068 1066 1059 1050 1053 1053 1043 1040 1040 1035 1049 1043 1029 1041 1032 1027 1012 1009 1008 1009 1004 1001 1006 997 996 998 999 992 1000 992 993 992 994 995 993 1002 992 999 994 998 993 996 1001 1000 1004 1010 1005 1000 1010 1012 1015 1023 1034 1055 1086 1091 1092 1087 1088 1091 1098 1095 1094 1096 1095 1100 1105 1107 1104 1108 1104 1111 1111 1107 1109 1116 1115 1112 1116
1116 1115 1119 1115 1114 1115 1111 1111 1113 1108 1110 1103 1105 1099 1104 1103 1085 1090 1080 1072 1061 1067 1062 1065 1051 1049 1055 1044 1043 1044 1037 1039 1037 1039 1024 1023 1023 1025 1016 1009 1007 1006 1005 1005 999 999 1000 996 995 998 999 999 1008 1000 992 993 994 999 996 999 993 993 996 997 996 998 994 1005 1000 1005 1002 1008 1010 1025 1043 1073 1088 1084 1088 1083 1088 1080 1090 1091 1091 1092 1095 1095 1098 1104 1101 1102 1107 1104 1105 1107 1108 1112 1109 1110 1110
1116 1113 1118 1114 1116 1117 1109 1109 1108 1103 1107 1101 1099 1097 1096 1085 1082 1078 1075 1069 1061 1056 1054 1047 1045 1031 1042 1042 1042 1028 1034 1031 1032 1031 1026 1024 1032 1019 1006 1013 999 1004 994 996 999 1000 996 998 991 995 992 992 994 994 995 997 993 993 994 995 992 992 992 996 993 996 997 1003 997 1006 1005 1018 1011 1021 1052 1072 1089 1091 1090 1086 1088 1088 1085 1088 1091 1091 1094 1093 1097 1097 1098 1100 1102 1105 1105 1111 1106 1109 1105 1111 1111
